   1.0  250118  0.713   756   816  1599 986  13   1   1   0   0  -1  11.2  78
   1.5  381212  0.677   760   827  1847 984  14   1   1   0   0  -1  15.7  74
   2.0  551720  0.648   770   841  1993 983  15   1   1   0   0  -1  21.2  71
   2.5  741823  0.631   785   858  2008 982  16   1   1   0   0  -1  27.1  68
   3.0  926232  0.625   804   876  1940 982  17   1   1   0   0  -1  32.7  66
   3.5 1082648  0.630   828   893  1866 983  16   1   0   0   0  -1  37.2  64
   4.0 1197471  0.642   853   910  1839 983  16   1   0   0   0  -1  40.5  62
   4.5 1267924  0.657   880   924  1869 984  15   1   0   0   0  -1  42.7  60
   5.0 1300897  0.671   907   938  1936 984  15   0   0   0   0  -1  44.1  59
   5.5 1309306  0.678   933   953  1990 985  14   0   0   0   0  -1  45.4  57
   6.0 1930614  1.000   956   968  1999 985  14   0   0   0   0  -1  59.1  65
   6.5 1941045  0.995   977   983  1950 986  14   0   0   0   0  -1  60.8  64
   7.0 1968157  0.987   994   998  1874 985  14   0   0   0   0  -1  62.8  63
   7.5 2020838  0.980  1008  1012  1822 985  15   0   0   0   0  -1  65.0  62
   8.0 2100066  0.978  1019  1024  1806 984  16   0   0   0   0  -1  67.1  62
   8.5 2198957  0.981  1026  1032  1824 983  16   0   0   0   0  -1  68.9  63
   9.0 2301495  0.987  1031  1035  1860 982  17   0   0   0   0  -1  70.2  63
   9.5 2383275  0.994  1033  1033  1883 982  18   0   0   0   0  -1  70.7  64
  10.0 2418990  0.999  1033  1033  1870 981  19   0   0   0   0  -1  70.2  65
  10.5 2394660  1.000  1030  1030  1823 981  19   0   0   0   0  -1  68.5  66
  11.0 1601870  0.692  1025  1031  1760 981  19   0   0   0   0  -1  52.5  58
  11.5 1539664  0.701  1017  1031  1691 981  19   0   0   0   0  -1  50.5  58
  12.0 1473354  0.714  1007  1025  1598 980  19   0   0   0   0  -1  48.7  59
  12.5 1419719  0.733   995  1007  1438 980  19   0   0   0   0  -1  47.3  60
  13.0 1388553  0.759   980   980  1255 980  19   0   0   0   0  -1  46.4  60
  13.5 1743834  1.000   964   964  1128 981  18   0   0   0   0  -1  53.3  67
  14.0 1669017  1.000   946   946  1075 982  17   0   1   0   0  -1  51.3  68
  14.5 1588632  1.000   928   928  1021 983  16   1   1   0   0  -1  48.9  69
  15.0 1487599  1.000   909   909   927 985  14   1   1   0   0  -1  45.7  70
  15.5 1358786  1.000   891   891   891 986  12   1   0   0   0  -1  42.0  72
  16.0 1135193  0.941   874   874   874 988  11   1   0   0   0  -1  36.0  72
  16.5  995875  0.954   860   860   860 989  10   1   0   0   0  -1  32.0  74
  17.0  853575  0.961   848   848   848 989   9   1   0   0   0  -1  28.2  76
  17.5  725788  0.962   839   839   839 990   9   1   0   0   0  -1  24.7  78
  18.0  622846  0.960   832   832   832 990   8   1   0   0   0  -1  21.9  80
  18.5  547187  0.957   828   828   828 991   8   1   0   0   0  -1  19.8  81
  19.0  494952  0.954   825   825   825 991   7   1   0   0   0  -1  18.3  82
  19.5  458358  0.951   823   837   842 992   7   1   0   0   0  -1  17.2  83
  20.0  428690  0.949   821   829   855 993   6   1   0   0   0  -1  16.3  83
  20.5  396015  0.948   818   821   861 993   6   1   0   0   0  -1  15.3  83
  21.0  352710  0.945   813   815   863 994   5   1   0   0   0  -1  14.1  84
  21.5  296870  0.938   806   811   855 994   5   1   0   0   0  -1  12.4  84
  22.0  234285  0.926   798   809   829 994   5   1   0   0   0  -1  10.4  84
  22.5  176347  0.905   788   807   815 993   6   1   0   0   0  -1   8.4  84
  23.0  134416  0.877   778   805   842 992   6   1   0   0   0  -1   6.8  84
  23.5  115538  0.840   768   803   898 991   8   1   1   0   0  -1   6.0  84
  24.0  123938  0.798   761   803  1082 989   9   1   1   0   0  -1   6.4  83
   1.0  246803  0.713   756   816  1597 986  13   1   1   0   0  -1  11.1  78
   1.5  376522  0.676   760   827  1847 984  14   1   1   0   0  -1  15.5  75
   2.0  545690  0.647   770   841  1994 983  15   1   1   0   0  -1  21.0  71
   2.5  734854  0.629   785   858  2010 982  16   1   1   0   0  -1  26.9  68
   3.0  919091  0.623   804   875  1941 982  17   1   1   0   0  -1  32.5  66
   3.5 1076273  0.628   827   893  1867 983  16   1   0   0   0  -1  37.1  64
   4.0 1192642  0.641   853   910  1839 983  16   1   0   0   0  -1  40.4  62
   4.5 1264976  0.657   880   924  1868 984  15   1   0   0   0  -1  42.6  61
   5.0 1299586  0.671   907   938  1934 985  15   0   0   0   0  -1  44.1  59
   5.5 1308972  0.678   933   953  1989 985  14   0   0   0   0  -1  45.3  57
   6.0 1930579  1.000   956   968  1999 985  14   0   0   0   0  -1  59.0  65
   6.5 1940459  0.995   976   983  1950 986  14   0   0   0   0  -1  60.8  64
   7.0 1966598  0.986   994   998  1875 985  14   0   0   0   0  -1  62.8  63
   7.5 2018332  0.978  1008  1012  1823 985  15   0   0   0   0  -1  65.0  62
   8.0 2096759  0.976  1019  1024  1806 984  15   0   0   0   0  -1  67.1  62
   8.5 2195041  0.979  1026  1032  1824 983  16   0   0   0   0  -1  68.9  63
   9.0 2297215  0.986  1031  1035  1860 982  17   0   0   0   0  -1  70.2  63
   9.5 2378862  0.993  1033  1034  1883 982  18   0   0   0   0  -1  70.7  64
  10.0 2414520  0.998  1033  1033  1870 981  19   0   0   0   0  -1  70.1  65
  10.5 2390037  1.000  1030  1030  1824 981  19   0   0   0   0  -1  68.4  66
  11.0 1598051  0.692  1025  1031  1762 981  19   0   0   0   0  -1  52.4  58
  11.5 1535858  0.701  1017  1032  1693 981  19   0   0   0   0  -1  50.4  58
  12.0 1469702  0.714  1007  1025  1601 981  19   0   0   0   0  -1  48.6  59
  12.5 1416337  0.733   995  1008  1442 981  19   0   0   0   0  -1  47.2  60
  13.0 1385517  0.758   980   980  1259 981  19   0   0   0   0  -1  46.4  60
  13.5 1742265  1.000   964   964  1130 981  18   0   0   0   0  -1  53.3  67
  14.0 1668305  1.000   946   946  1075 982  17   0   1   0   0  -1  51.3  68
  14.5 1588729  0.999   927   927  1022 983  16   1   1   0   0  -1  48.8  69
  15.0 1488483  1.000   909   909   929 985  14   1   1   0   0  -1  45.7  70
  15.5 1360415  1.000   891   891   891 986  12   1   0   0   0  -1  42.0  72
  16.0 1136902  0.941   874   874   874 988  11   1   0   0   0  -1  36.0  72
  16.5  998083  0.954   859   859   859 989  10   1   0   0   0  -1  32.1  74
  17.0  855800  0.960   848   848   848 989   9   1   0   0   0  -1  28.2  76
  17.5  727585  0.961   838   838   838 990   9   1   0   0   0  -1  24.8  78
  18.0  623888  0.959   832   832   832 990   8   1   0   0   0  -1  21.9  80
  18.5  547287  0.956   828   828   828 991   8   1   0   0   0  -1  19.8  81
  19.0  494095  0.953   825   825   825 991   7   1   0   0   0  -1  18.2  82
  19.5  456662  0.950   823   837   841 992   7   1   0   0   0  -1  17.1  83
  20.0  426453  0.949   821   829   854 993   6   1   0   0   0  -1  16.2  83
  20.5  393648  0.948   817   822   861 993   6   1   0   0   0  -1  15.3  84
  21.0  350618  0.945   813   815   863 994   5   1   0   0   0  -1  14.0  84
  21.5  295302  0.938   806   811   856 994   5   1   0   0   0  -1  12.4  84
  22.0  233239  0.926   798   809   830 994   5   1   0   0   0  -1  10.4  84
  22.5  175613  0.906   788   807   814 993   6   1   0   0   0  -1   8.3  84
  23.0  133719  0.877   778   805   841 992   6   1   0   0   0  -1   6.7  84
  23.5  114624  0.840   768   803   896 991   8   1   1   0   0  -1   6.0  84
  24.0  122553  0.799   761   803  1080 989   9   1   1   0   0  -1   6.3  83
   1.0  243506  0.712   755   816  1596 986  13   1   1   0   0  -1  10.9  78
   1.5  371860  0.675   760   827  1847 984  14   1   1   0   0  -1  15.4  75
   2.0  539691  0.646   770   841  1995 983  15   1   1   0   0  -1  20.8  72
   2.5  727916  0.628   785   857  2011 982  16   1   1   0   0  -1  26.7  69
   3.0  911963  0.622   804   875  1942 982  16   1   1   0   0  -1  32.3  66
   3.5 1069892  0.627   827   893  1867 983  16   1   0   0   0  -1  36.9  64
   4.0 1187811  0.640   853   910  1839 983  16   1   0   0   0  -1  40.2  62
   4.5 1262020  0.656   880   924  1867 984  15   0   0   0   0  -1  42.5  61
   5.0 1298272  0.670   907   938  1933 985  15   0   0   0   0  -1  44.0  59
   5.5 1308636  0.678   932   953  1988 985  14   0   0   0   0  -1  45.3  57
   6.0 1930523  1.000   956   968  1999 986  14   0   0   0   0  -1  59.0  65
   6.5 1939808  0.994   976   983  1951 986  14   0   0   0   0  -1  60.8  64
   7.0 1964938  0.984   994   998  1876 985  14   0   0   0   0  -1  62.8  63
   7.5 2015701  0.976  1008  1012  1824 985  15   0   0   0   0  -1  65.0  62
   8.0 2093309  0.974  1018  1024  1806 984  15   0   0   0   0  -1  67.1  62
   8.5 2190973  0.977  1026  1032  1824 983  16   0   0   0   0  -1  68.9  63
   9.0 2292784  0.984  1031  1035  1859 983  17   0   0   0   0  -1  70.2  63
   9.5 2374309  0.992  1033  1034  1883 982  18   0   0   0   0  -1  70.6  64
  10.0 2409944  0.998  1033  1033  1871 981  18   0   0   0   0  -1  70.0  65
  10.5 2385354  1.000  1030  1030  1826 981  19   0   0   0   0  -1  68.3  66
  11.0 1594202  0.692  1025  1032  1763 981  19   0   0   0   0  -1  52.3  58
  11.5 1532035  0.700  1017  1032  1694 981  19   0   0   0   0  -1  50.3  58
  12.0 1466042  0.713  1007  1026  1603 981  19   0   0   0   0  -1  48.5  59
  12.5 1412943  0.732   995  1008  1446 981  19   0   0   0   0  -1  47.2  60
  13.0 1382476  0.758   980   981  1263 981  18   0   0   0   0  -1  46.3  60
  13.5 1740689  1.000   964   964  1131 981  18   0   0   0   0  -1  53.3  67
  14.0 1667583  1.000   946   946  1076 982  17   0   1   0   0  -1  51.2  68
  14.5 1588816  0.999   927   927  1024 983  15   1   1   0   0  -1  48.8  69
  15.0 1489360  1.000   909   909   931 985  14   1   1   0   0  -1  45.7  70
  15.5 1362042  1.000   890   890   890 987  12   1   0   0   0  -1  42.0  72
  16.0 1138610  0.941   874   874   874 988  11   1   0   0   0  -1  36.0  72
  16.5 1000286  0.954   859   859   859 989  10   1   0   0   0  -1  32.1  74
  17.0  858024  0.960   847   847   847 990   9   1   0   0   0  -1  28.3  76
  17.5  729380  0.961   838   838   838 990   8   1   0   0   0  -1  24.8  78
  18.0  624923  0.959   832   832   832 990   8   1   0   0   0  -1  22.0  80
  18.5  547377  0.955   827   827   827 991   8   1   0   0   0  -1  19.8  81
  19.0  493230  0.952   825   825   825 991   7   1   0   0   0  -1  18.2  82
  19.5  454962  0.949   823   837   841 992   7   1   0   0   0  -1  17.1  83
  20.0  424217  0.948   820   830   854 993   6   1   0   0   0  -1  16.2  83
  20.5  391283  0.947   817   822   861 993   6   1   0   0   0  -1  15.2  84
  21.0  348527  0.944   812   815   863 994   5   1   0   0   0  -1  14.0  84
  21.5  293734  0.938   806   812   856 994   5   1   0   0   0  -1  12.3  84
  22.0  232191  0.926   797   809   831 994   5   1   0   0   0  -1  10.3  84
  22.5  174878  0.906   788   807   814 993   6   1   0   0   0  -1   8.3  84
  23.0  133021  0.877   778   805   841 992   6   1   0   0   0  -1   6.7  84
  23.5  113712  0.841   768   803   895 991   8   1   1   0   0  -1   5.9  84
  24.0  121173  0.799   760   803  1077 989   9   1   1   0   0  -1   6.3  83
   1.0  240229  0.712   755   816  1595 986  13   1   1   0   0  -1  10.8  78
   1.5  367224  0.674   760   827  1848 984  14   1   1   0   0  -1  15.2  75
   2.0  533724  0.645   770   841  1996 983  15   1   1   0   0  -1  20.6  72
   2.5  721005  0.627   785   857  2013 982  16   1   1   0   0  -1  26.5  69
   3.0  904852  0.620   804   875  1944 982  16   1   1   0   0  -1  32.1  66
   3.5 1063517  0.626   827   893  1868 983  16   1   0   0   0  -1  36.7  64
   4.0 1182964  0.639   853   910  1838 983  16   1   0   0   0  -1  40.1  62
   4.5 1259050  0.656   880   924  1866 984  15   0   0   0   0  -1  42.4  61
   5.0 1296954  0.670   907   938  1931 985  15   0   0   0   0  -1  43.9  59
   5.5 1308295  0.678   932   953  1987 985  14   0   0   0   0  -1  45.2  57
   6.0 1930447  1.000   956   968  1998 986  14   0   0   0   0  -1  59.0  65
   6.5 1939092  0.994   976   983  1952 986  14   0   0   0   0  -1  60.7  64
   7.0 1963178  0.983   994   998  1877 986  14   0   0   0   0  -1  62.8  63
   7.5 2012945  0.975  1008  1012  1824 985  15   0   0   0   0  -1  65.0  62
   8.0 2089717  0.972  1018  1024  1806 984  15   0   0   0   0  -1  67.1  62
   8.5 2186754  0.975  1026  1032  1824 984  16   0   0   0   0  -1  68.9  63
   9.0 2288200  0.983  1031  1035  1859 983  17   0   0   0   0  -1  70.1  63
   9.5 2369620  0.991  1033  1034  1883 982  18   0   0   0   0  -1  70.6  64
  10.0 2405263  0.997  1033  1033  1872 981  18   0   0   0   0  -1  69.9  65
  10.5 2380609  1.000  1030  1030  1827 981  19   0   0   0   0  -1  68.2  66
  11.0 1590323  0.691  1025  1032  1764 981  19   0   0   0   0  -1  52.2  58
  11.5 1528189  0.700  1017  1032  1696 981  19   0   0   0   0  -1  50.2  58
  12.0 1462367  0.713  1007  1026  1606 981  19   0   0   0   0  -1  48.4  59
  12.5 1409552  0.732   995  1009  1450 981  19   0   0   0   0  -1  47.1  60
  13.0 1821963  1.000   980   982  1266 981  18   0   0   0   0  -1  55.2  67
  13.5 1739106  1.000   964   964  1133 982  18   0   0   0   0  -1  53.2  67
  14.0 1666854  1.000   946   946  1077 982  17   0   0   0   0  -1  51.2  68
  14.5 1588895  0.999   927   927  1025 984  15   1   1   0   0  -1  48.8  69
  15.0 1490232  0.999   908   908   933 985  14   1   1   0   0  -1  45.7  70
  15.5 1363668  1.000   890   890   890 987  12   1   0   0   0  -1  42.0  72
  16.0 1140315  0.940   874   874   874 988  11   1   0   0   0  -1  36.0  72
  16.5 1002495  0.954   859   859   859 989  10   1   0   0   0  -1  32.2  74
  17.0  860245  0.960   847   847   847 990   9   1   0   0   0  -1  28.3  76
  17.5  731170  0.961   838   838   838 990   8   1   0   0   0  -1  24.9  78
  18.0  625949  0.958   832   832   832 990   8   1   0   0   0  -1  22.0  80
  18.5  547459  0.954   827   827   827 991   8   1   0   0   0  -1  19.8  81
  19.0  492360  0.951   825   825   825 991   7   1   0   0   0  -1  18.2  82
  19.5  453263  0.949   822   837   840 992   7   1   0   0   0  -1  17.0  83
  20.0  421985  0.947   820   830   853 992   6   1   0   0   0  -1  16.1  83
  20.5  388923  0.946   817   822   861 993   6   1   0   0   0  -1  15.1  84
  21.0  346442  0.944   812   816   863 994   5   1   0   0   0  -1  13.9  84
  21.5  292168  0.938   806   812   856 994   5   1   0   0   0  -1  12.3  84
  22.0  231144  0.926   797   809   831 994   5   1   0   0   0  -1  10.3  84
  22.5  174142  0.906   787   807   813 993   6   1   0   0   0  -1   8.3  84
  23.0  132321  0.877   777   805   840 992   7   1   0   0   0  -1   6.7  84
  23.5  112800  0.841   768   803   893 991   8   1   1   0   0  -1   5.9  84
  24.0  119797  0.799   760   803  1075 989   9   1   1   0   0  -1   6.2  83
   1.0  236971  0.712   755   816  1594 986  13   1   1   0   0  -1  10.7  79
   1.5  362618  0.674   760   827  1848 984  14   1   1   0   0  -1  15.1  75
   2.0  527791  0.644   770   841  1998 983  15   1   1   0   0  -1  20.5  72
   2.5  714125  0.625   785   857  2014 982  16   1   1   0   0  -1  26.3  69
   3.0  897765  0.619   804   875  1945 982  16   1   1   0   0  -1  31.9  67
   3.5 1057147  0.624   827   893  1869 983  16   1   0   0   0  -1  36.6  64
   4.0 1178113  0.638   853   910  1838 983  16   1   0   0   0  -1  40.0  62
   4.5 1256075  0.655   880   924  1865 984  15   0   0   0   0  -1  42.3  61
   5.0 1295631  0.670   907   938  1929 985  15   0   0   0   0  -1  43.9  59
   5.5 1307949  0.678   932   953  1985 985  14   0   0   0   0  -1  45.2  57
   6.0 1930349  1.000   956   968  1997 986  14   0   0   0   0  -1  59.0  65
   6.5 1938310  0.993   976   983  1952 986  14   0   0   0   0  -1  60.7  64
   7.0 1961319  0.982   993   998  1878 986  14   0   0   0   0  -1  62.8  63
   7.5 2010065  0.973  1007  1012  1825 985  14   0   0   0   0  -1  65.0  63
   8.0 2085985  0.970  1018  1024  1807 985  15   0   0   0   0  -1  67.1  62
   8.5 2182383  0.973  1026  1032  1823 984  16   0   0   0   0  -1  68.9  63
   9.0 2283467  0.981  1031  1036  1858 983  17   0   0   0   0  -1  70.1  63
   9.5 2364793  0.990  1033  1034  1883 982  18   0   0   0   0  -1  70.5  64
  10.0 2400474  0.997  1032  1032  1872 982  18   0   0   0   0  -1  69.8  65
  10.5 2375800  1.000  1030  1031  1828 981  18   0   0   0   0  -1  68.1  66
  11.0 1586422  0.691  1025  1032  1766 981  18   0   0   0   0  -1  52.1  58
  11.5 1524328  0.700  1017  1032  1698 981  18   0   0   0   0  -1  50.1  58
  12.0 1458685  0.713  1007  1026  1608 981  18   0   0   0   0  -1  48.4  59
  12.5 1406147  0.731   995  1010  1454 981  18   0   0   0   0  -1  47.0  60
  13.0 1819466  1.000   980   982  1270 981  18   0   0   0   0  -1  55.1  67
  13.5 1737515  1.000   964   964  1135 982  17   0   0   0   0  -1  53.2  67
  14.0 1666116  1.000   946   946  1078 983  16   0   0   0   0  -1  51.2  68
  14.5 1588965  0.999   927   927  1027 984  15   1   1   0   0  -1  48.8  69
  15.0 1491097  0.999   908   908   935 985  13   1   0   0   0  -1  45.7  70
  15.5 1365291  1.000   890   890   890 987  12   1   0   0   0  -1  42.0  72
  16.0 1142016  0.940   873   873   873 988  11   1   0   0   0  -1  36.1  72
  16.5 1004698  0.953   859   859   859 989  10   1   0   0   0  -1  32.2  74
  17.0  862467  0.960   847   847   847 990   9   1   0   0   0  -1  28.4  76
  17.5  732959  0.960   838   838   838 990   8   1   0   0   0  -1  24.9  78
  18.0  626968  0.957   831   831   831 990   8   1   0   0   0  -1  22.0  80
  18.5  547533  0.954   827   827   827 991   8   1   0   0   0  -1  19.8  81
  19.0  491485  0.951   824   824   824 991   7   1   0   0   0  -1  18.2  82
  19.5  451560  0.948   822   837   840 992   7   1   0   0   0  -1  17.0  83
  20.0  419753  0.947   820   830   853 992   6   1   0   0   0  -1  16.0  83
  20.5  386566  0.946   817   822   861 993   6   1   0   0   0  -1  15.1  84
  21.0  344360  0.944   812   816   863 994   5   1   0   0   0  -1  13.8  84
  21.5  290603  0.938   805   812   857 994   5   1   0   0   0  -1  12.2  84
  22.0  230094  0.926   797   809   832 994   5   1   0   0   0  -1  10.3  84
  22.5  173404  0.906   787   807   813 993   6   1   0   0   0  -1   8.3  84
  23.0  131621  0.878   777   805   840 992   7   1   0   0   0  -1   6.7  84
  23.5  111889  0.841   768   803   892 991   8   1   1   0   0  -1   5.9  84
  24.0  118426  0.799   760   803  1073 989   9   1   1   0   0  -1   6.1  83
   1.0  233732  0.712   755   816  1594 986  13   1   1   0   0  -1  10.6  79
   1.5  358037  0.673   760   827  1849 984  14   1   1   0   0  -1  14.9  75
   2.0  521891  0.643   770   841  1999 983  15   1   1   0   0  -1  20.3  72
   2.5  707276  0.624   785   857  2016 982  16   1   1   0   0  -1  26.1  69
   3.0  890695  0.617   804   875  1946 982  16   1   1   0   0  -1  31.7  67
   3.5 1050781  0.623   827   893  1870 983  16   1   0   0   0  -1  36.4  64
   4.0 1173250  0.637   853   909  1838 983  16   1   0   0   0  -1  39.9  63
   4.5 1253083  0.655   880   924  1864 984  15   0   0   0   0  -1  42.2  61
   5.0 1294300  0.670   907   938  1927 985  15   0   0   0   0  -1  43.8  59
   5.5 1307610  0.678   932   953  1984 985  14   0   0   0   0  -1  45.1  57
   6.0 1930229  1.000   955   968  1997 986  14   0   0   0   0  -1  59.0  65
   6.5 1937464  0.992   976   983  1953 986  14   0   0   0   0  -1  60.7  64
   7.0 1959361  0.980   993   998  1879 986  14   0   0   0   0  -1  62.8  63
   7.5 2007062  0.971  1007  1012  1826 985  14   0   0   0   0  -1  65.0  63
   8.0 2082111  0.968  1018  1024  1807 985  15   0   0   0   0  -1  67.1  62
   8.5 2177862  0.971  1026  1032  1823 984  16   0   0   0   0  -1  68.9  63
   9.0 2278584  0.980  1031  1036  1858 983  17   0   0   0   0  -1  70.1  63
   9.5 2359832  0.989  1033  1035  1882 982  18   0   0   0   0  -1  70.5  64
  10.0 2395579  0.996  1032  1032  1873 982  18   0   0   0   0  -1  69.8  65
  10.5 2370927  0.999  1030  1031  1829 981  18   0   0   0   0  -1  68.0  66
  11.0 1582493  0.691  1025  1032  1767 981  18   0   0   0   0  -1  52.0  58
  11.5 1520454  0.700  1017  1033  1699 981  18   0   0   0   0  -1  50.0  58
  12.0 1454994  0.713  1007  1027  1611 981  18   0   0   0   0  -1  48.3  59
  12.5 1402738  0.731   995  1010  1458 981  18   0   0   0   0  -1  46.9  60
  13.0 1816964  1.000   980   983  1274 982  18   0   0   0   0  -1  55.0  67
  13.5 1735918  1.000   964   964  1136 982  17   0   0   0   0  -1  53.1  67
  14.0 1665369  0.999   946   946  1079 983  16   0   0   0   0  -1  51.1  68
  14.5 1589027  0.999   927   927  1028 984  15   1   0   0   0  -1  48.7  69
  15.0 1491955  0.999   908   908   936 985  13   1   0   0   0  -1  45.6  70
  15.5 1366913  1.000   890   890   890 987  12   1   0   0   0  -1  42.0  72
  16.0 1143714  0.940   873   873   873 988  10   1   0   0   0  -1  36.1  72
  16.5 1006903  0.953   859   859   859 989   9   1   0   0   0  -1  32.2  74
  17.0  864688  0.959   847   847   847 990   9   1   0   0   0  -1  28.4  76
  17.5  734742  0.960   838   838   838 990   8   1   0   0   0  -1  25.0  78
  18.0  627982  0.957   831   831   831 990   8   1   0   0   0  -1  22.0  80
  18.5  547601  0.953   827   827   827 991   8   1   0   0   0  -1  19.8  81
  19.0  490603  0.950   824   824   824 991   7   1   0   0   0  -1  18.2  82
  19.5  449857  0.947   822   838   839 992   7   1   0   0   0  -1  16.9  83
  20.0  417525  0.946   820   830   853 992   6   1   0   0   0  -1  16.0  83
  20.5  384216  0.945   817   822   861 993   6   1   0   0   0  -1  15.0  84
  21.0  342280  0.943   812   816   863 993   5   1   0   0   0  -1  13.8  84
  21.5  289040  0.938   805   812   857 994   5   1   0   0   0  -1  12.2  84
  22.0  229046  0.926   797   809   832 994   5   1   0   0   0  -1  10.2  84
  22.5  172665  0.906   787   807   813 993   6   1   0   0   0  -1   8.2  84
  23.0  130919  0.878   777   805   839 992   7   1   0   0   0  -1   6.6  84
  23.5  110978  0.841   768   803   891 991   8   1   1   0   0  -1   5.8  84
  24.0  117060  0.799   760   803  1072 989   9   1   1   0   0  -1   6.1  83
   1.0  230513  0.711   755   816  1594 986  13   1   1   0   0  -1  10.5  79
   1.5  353486  0.672   760   827  1850 984  14   1   1   0   0  -1  14.8  76
   2.0  516022  0.642   770   841  2001 983  15   1   1   0   0  -1  20.1  72
   2.5  700456  0.622   785   857  2018 982  16   1   1   0   0  -1  25.9  69
   3.0  883643  0.616   804   875  1948 982  16   1   1   0   0  -1  31.5  67
   3.5 1044414  0.622   827   893  1870 983  16   1   0   0   0  -1  36.2  65
   4.0 1168381  0.636   853   909  1838 983  16   1   0   0   0  -1  39.7  63
   4.5 1250092  0.654   880   924  1862 984  15   0   0   0   0  -1  42.1  61
   5.0 1292970  0.670   907   938  1926 985  15   0   0   0   0  -1  43.7  59
   5.5 1307268  0.678   932   953  1982 985  14   0   0   0   0  -1  45.1  57
   6.0 1930086  1.000   955   968  1996 986  14   0   0   0   0  -1  58.9  65
   6.5 1936553  0.992   976   983  1953 986  14   0   0   0   0  -1  60.7  64
   7.0 1957306  0.979   993   997  1880 986  14   0   0   0   0  -1  62.9  63
   7.5 2003940  0.969  1007  1012  1827 985  14   0   0   0   0  -1  65.1  63
   8.0 2078106  0.966  1018  1024  1808 985  15   0   0   0   0  -1  67.2  62
   8.5 2173199  0.969  1026  1032  1823 984  16   0   0   0   0  -1  68.9  63
   9.0 2273555  0.978  1031  1036  1858 983  17   0   0   0   0  -1  70.1  63
   9.5 2354737  0.988  1033  1035  1882 982  17   0   0   0   0  -1  70.4  64
  10.0 2390579  0.996  1032  1032  1873 982  18   0   0   0   0  -1  69.7  65
  10.5 2365986  0.999  1030  1031  1830 982  18   0   0   0   0  -1  67.9  66
  11.0 2285267  1.000  1025  1032  1769 982  18   0   0   0   0  -1  65.4  66
  11.5 1516568  0.700  1017  1033  1701 982  18   0   0   0   0  -1  49.9  58
  12.0 1451296  0.712  1007  1027  1613 982  18   0   0   0   0  -1  48.2  59
  12.5 1399322  0.730   995  1011  1462 982  18   0   0   0   0  -1  46.8  59
  13.0 1814455  1.000   980   984  1278 982  18   0   0   0   0  -1  55.0  67
  13.5 1734312  1.000   964   964  1138 982  17   0   0   0   0  -1  53.1  67
  14.0 1664612  0.999   946   946  1080 983  16   0   0   0   0  -1  51.1  68
  14.5 1589077  0.999   927   927  1030 984  15   1   0   0   0  -1  48.7  69
  15.0 1492805  0.999   908   908   938 986  13   1   0   0   0  -1  45.6  70
  15.5 1368531  1.000   890   890   890 987  12   1   0   0   0  -1  42.0  72
  16.0 1145408  0.939   873   873   873 988  10   1   0   0   0  -1  36.1  72
  16.5 1009105  0.953   859   859   859 989   9   1   0   0   0  -1  32.3  74
  17.0  866910  0.959   847   847   847 990   9   1   0   0   0  -1  28.5  76
  17.5  736517  0.959   838   838   838 990   8   1   0   0   0  -1  25.0  78
  18.0  628988  0.956   831   831   831 990   8   1   0   0   0  -1  22.1  80
  18.5  547659  0.952   827   827   827 991   8   1   0   0   0  -1  19.8  81
  19.0  489715  0.949   824   824   824 991   7   1   0   0   0  -1  18.1  82
  19.5  448150  0.946   822   838   838 992   7   1   0   0   0  -1  16.9  83
  20.0  415298  0.945   820   830   852 992   6   1   0   0   0  -1  15.9  84
  20.5  381868  0.945   816   822   861 993   6   1   0   0   0  -1  14.9  84
  21.0  340205  0.943   812   816   863 993   5   1   0   0   0  -1  13.7  84
  21.5  287477  0.937   805   812   857 994   5   1   0   0   0  -1  12.1  84
  22.0  227995  0.926   797   810   833 993   5   1   0   0   0  -1  10.2  84
  22.5  171924  0.906   787   807   812 993   6   1   0   0   0  -1   8.2  84
  23.0  130216  0.878   777   805   839 992   7   1   0   0   0  -1   6.6  84
  23.5  110069  0.842   767   803   890 991   8   1   1   0   0  -1   5.8  84
  24.0  115699  0.799   760   803  1070 989   9   1   1   0   0  -1   6.0  83
   1.0  227313  0.711   755   816  1594 986  13   1   1   0   0  -1  10.4  79
   1.5  348962  0.671   760   828  1852 984  14   1   1   0   0  -1  14.6  76
   2.0  510187  0.640   770   841  2003 983  15   1   1   0   0  -1  19.9  72
   2.5  693669  0.621   785   857  2019 982  16   1   1   0   0  -1  25.7  69
   3.0  876612  0.614   804   875  1949 982  16   1   1   0   0  -1  31.3  67
   3.5 1038052  0.620   828   893  1871 983  16   1   0   0   0  -1  36.1  65
   4.0 1163508  0.635   853   909  1837 983  16   1   0   0   0  -1  39.6  63
   4.5 1247085  0.654   880   924  1861 984  15   0   0   0   0  -1  42.0  61
   5.0 1291635  0.670   907   938  1924 985  14   0   0   0   0  -1  43.7  59
   5.5 1306915  0.678   932   953  1980 985  14   0   0   0   0  -1  45.1  58
   6.0 1929922  1.000   955   968  1995 986  14   0   0   0   0  -1  58.9  65
   6.5 1935579  0.991   976   983  1953 986  14   0   0   0   0  -1  60.7  64
   7.0 1955155  0.977   993   997  1881 986  14   0   0   0   0  -1  62.9  63
   7.5 2000699  0.967  1007  1012  1828 985  14   0   0   0   0  -1  65.1  63
   8.0 2073961  0.963  1018  1024  1808 985  15   0   0   0   0  -1  67.2  62
   8.5 2168385  0.967  1026  1033  1823 984  16   0   0   0   0  -1  68.9  63
   9.0 2268380  0.976  1030  1036  1857 983  17   0   0   0   0  -1  70.0  63
   9.5 2349509  0.987  1033  1035  1882 982  17   0   0   0   0  -1  70.3  64
  10.0 2385473  0.995  1032  1033  1874 982  18   0   0   0   0  -1  69.6  65
  10.5 2360977  0.999  1030  1031  1831 982  18   0   0   0   0  -1  67.8  66
  11.0 2280297  1.000  1025  1033  1770 982  18   0   0   0   0  -1  65.3  66
  11.5 1512668  0.699  1017  1033  1703 982  18   0   0   0   0  -1  49.9  58
  12.0 1447590  0.712  1007  1027  1616 982  18   0   0   0   0  -1  48.1  59
  12.5 1395902  0.730   995  1011  1466 982  18   0   0   0   0  -1  46.8  59
  13.0 1811942  1.000   980   984  1282 982  18   0   0   0   0  -1  54.9  67
  13.5 1732700  1.000   964   964  1141 982  17   0   0   0   0  -1  53.0  67
  14.0 1663847  0.999   946   946  1081 983  16   0   0   0   0  -1  51.1  68
  14.5 1589118  0.999   927   927  1031 984  15   1   0   0   0  -1  48.7  69
  15.0 1493649  0.999   908   908   940 986  13   1   0   0   0  -1  45.6  70
  15.5 1370149  1.000   890   890   890 987  12   1   0   0   0  -1  42.0  72
  16.0 1147102  0.939   873   873   873 988  10   1   0   0   0  -1  36.1  72
  16.5 1011311  0.953   858   858   858 989   9   1   0   0   0  -1  32.3  74
  17.0  869128  0.959   847   847   847 990   9   1   0   0   0  -1  28.5  76
  17.5  738293  0.959   837   837   837 990   8   1   0   0   0  -1  25.0  78
  18.0  629989  0.956   831   831   831 991   8   1   0   0   0  -1  22.1  80
  18.5  547712  0.951   827   827   827 991   8   1   0   0   0  -1  19.8  81
  19.0  488822  0.948   824   824   824 991   7   1   0   0   0  -1  18.1  82
  19.5  446443  0.945   822   837   837 992   7   1   0   0   0  -1  16.9  83
  20.0  413074  0.944   819   831   852 992   6   1   0   0   0  -1  15.9  84
  20.5  379525  0.944   816   823   860 993   6   1   0   0   0  -1  14.9  84
  21.0  338134  0.943   811   816   863 993   5   1   0   0   0  -1  13.7  84
  21.5  285917  0.937   805   812   857 994   5   1   0   0   0  -1  12.1  84
  22.0  226945  0.926   796   810   833 993   5   1   0   0   0  -1  10.1  84
  22.5  171182  0.906   787   807   812 993   6   1   0   0   0  -1   8.2  84
  23.0  129513  0.878   777   805   838 992   7   1   0   0   0  -1   6.6  84
  23.5  109160  0.842   767   803   888 991   8   1   1   0   0  -1   5.7  84
  24.0  114342  0.800   760   803  1068 989   9   1   1   0   0  -1   6.0  83
   1.0  224132  0.710   755   816  1594 986  13   1   1   0   0  -1  10.2  79
   1.5  344465  0.671   760   828  1854 984  14   1   1   0   0  -1  14.5  76
   2.0  504386  0.639   770   841  2006 983  15   1   1   0   0  -1  19.8  73
   2.5  686912  0.619   785   857  2021 983  16   1   1   0   0  -1  25.6  70
   3.0  869602  0.613   804   875  1950 982  16   1   1   0   0  -1  31.2  67
   3.5 1031696  0.619   828   893  1872 983  16   1   0   0   0  -1  35.9  65
   4.0 1158624  0.634   853   909  1837 983  16   1   0   0   0  -1  39.5  63
   4.5 1244074  0.653   880   924  1860 984  15   0   0   0   0  -1  42.0  61
   5.0 1290297  0.670   907   938  1922 985  14   0   0   0   0  -1  43.6  59
   5.5 1306571  0.678   932   953  1979 986  14   0   0   0   0  -1  45.0  58
   6.0 1929734  0.999   955   968  1994 986  14   0   0   0   0  -1  58.9  65
   6.5 1934540  0.990   976   983  1953 986  14   0   0   0   0  -1  60.7  64
   7.0 1952910  0.976   993   997  1882 986  14   0   0   0   0  -1  62.9  63
   7.5 1997340  0.965  1007  1012  1829 986  14   0   0   0   0  -1  65.1  63
   8.0 2069684  0.961  1018  1024  1809 985  15   0   0   0   0  -1  67.2  62
   8.5 2163433  0.965  1025  1033  1823 984  16   0   0   0   0  -1  68.9  63
   9.0 2263059  0.974  1030  1036  1857 983  16   0   0   0   0  -1  70.0  63
   9.5 2344149  0.986  1033  1035  1882 983  17   0   0   0   0  -1  70.3  64
  10.0 2380260  0.994  1032  1033  1874 982  18   0   0   0   0  -1  69.5  65
  10.5 2355901  0.999  1030  1032  1832 982  18   0   0   0   0  -1  67.7  66
  11.0 2275297  1.000  1025  1033  1772 982  18   0   0   0   0  -1  65.2  66
  11.5 1508748  0.699  1017  1033  1705 982  18   0   0   0   0  -1  49.8  58
  12.0 1443877  0.712  1007  1028  1618 982  18   0   0   0   0  -1  48.0  59
  12.5 1392484  0.730   995  1012  1470 982  18   0   0   0   0  -1  46.7  59
  13.0 1809421  1.000   980   985  1286 982  17   0   0   0   0  -1  54.9  67
  13.5 1731077  1.000   964   964  1144 983  17   0   0   0   0  -1  53.0  67
  14.0 1663069  0.999   946   946  1082 983  16   0   0   0   0  -1  51.0  68
  14.5 1589148  0.999   927   927  1033 985  14   1   0   0   0  -1  48.7  69
  15.0 1494484  0.999   908   908   942 986  13   1   0   0   0  -1  45.6  70
  15.5 1371763  1.000   890   890   890 987  12   1   0   0   0  -1  42.0  72
  16.0 1148790  0.939   873   873   873 988  10   1   0   0   0  -1  36.1  72
  16.5 1013515  0.953   858   858   858 989   9   1   0   0   0  -1  32.4  74
  17.0  871346  0.959   846   846   846 990   9   1   0   0   0  -1  28.6  76
  17.5  740065  0.959   837   837   837 990   8   1   0   0   0  -1  25.1  78
  18.0  630979  0.955   831   831   831 991   8   1   0   0   0  -1  22.1  80
  18.5  547755  0.951   826   826   826 991   8   1   0   0   0  -1  19.8  81
  19.0  487923  0.947   824   824   824 991   7   1   0   0   0  -1  18.1  82
  19.5  444734  0.944   822   837   837 992   7   1   0   0   0  -1  16.8  83
  20.0  410854  0.944   819   831   851 992   6   1   0   0   0  -1  15.8  84
  20.5  377187  0.944   816   823   860 993   6   1   0   0   0  -1  14.8  84
  21.0  336066  0.942   811   816   863 993   5   1   0   0   0  -1  13.6  84
  21.5  284358  0.937   805   812   858 994   5   1   0   0   0  -1  12.0  84
  22.0  225894  0.926   796   810   834 993   5   1   0   0   0  -1  10.1  84
  22.5  170439  0.906   787   807   812 993   6   1   0   0   0  -1   8.2  84
  23.0  128808  0.878   777   805   838 992   7   1   0   0   0  -1   6.6  84
  23.5  108252  0.842   767   803   887 991   8   1   1   0   0  -1   5.7  84
  24.0  112991  0.800   760   803  1067 989   9   1   1   0   0  -1   5.9  83
   1.0  220972  0.710   755   816  1594 986  13   1   1   0   0  -1  10.1  79
   1.5  339997  0.670   760   828  1856 984  14   1   1   0   0  -1  14.3  76
   2.0  498618  0.638   770   842  2008 983  15   1   1   0   0  -1  19.6  73
   2.5  680188  0.618   785   857  2023 983  16   1   1   0   0  -1  25.4  70
   3.0  862614  0.611   805   875  1951 982  16   1   1   0   0  -1  31.0  67
   3.5 1025347  0.617   828   893  1872 983  16   1   0   0   0  -1  35.8  65
   4.0 1153737  0.633   853   909  1837 983  16   1   0   0   0  -1  39.4  63
   4.5 1241051  0.653   880   924  1859 984  15   0   0   0   0  -1  41.9  61
   5.0 1288955  0.670   907   939  1920 985  14   0   0   0   0  -1  43.6  59
   5.5 1306222  0.678   932   953  1977 986  14   0   0   0   0  -1  45.0  58
   6.0 1929522  0.999   955   968  1993 986  14   0   0   0   0  -1  58.9  65
   6.5 1933439  0.989   976   983  1954 986  14   0   0   0   0  -1  60.7  64
   7.0 1950570  0.974   993   997  1883 986  14   0   0   0   0  -1  62.9  63
   7.5 1993866  0.963  1007  1011  1830 986  14   0   0   0   0  -1  65.1  63
   8.0 2065275  0.959  1018  1024  1809 985  15   0   0   0   0  -1  67.2  62
   8.5 2158337  0.963  1025  1033  1823 984  16   0   0   0   0  -1  68.9  63
   9.0 2257599  0.972  1030  1036  1857 983  16   0   0   0   0  -1  70.0  63
   9.5 2338659  0.984  1033  1036  1882 983  17   0   0   0   0  -1  70.2  64
  10.0 2374944  0.994  1032  1033  1875 982  18   0   0   0   0  -1  69.5  65
  10.5 2350755  0.999  1030  1032  1834 982  18   0   0   0   0  -1  67.6  66
  11.0 2270266  1.000  1025  1033  1773 982  18   0   0   0   0  -1  65.1  66
  11.5 1504816  0.699  1017  1034  1706 982  18   0   0   0   0  -1  49.7  58
  12.0 1440160  0.711  1007  1028  1621 982  18   0   0   0   0  -1  48.0  59
  12.5 1389054  0.729   995  1012  1474 982  17   0   0   0   0  -1  46.6  59
  13.0 1806895  1.000   981   985  1290 982  17   0   0   0   0  -1  54.8  67
  13.5 1729448  1.000   964   964  1147 983  17   0   0   0   0  -1  52.9  67
  14.0 1662283  0.999   946   946  1083 984  16   0   0   0   0  -1  51.0  68
  14.5 1589168  0.999   927   927  1034 985  14   1   0   0   0  -1  48.6  69
  15.0 1495312  0.999   908   908   944 986  13   1   0   0   0  -1  45.6  71
  15.5 1373376  1.000   890   890   890 987  11   1   0   0   0  -1  42.0  72
  16.0 1150483  0.938   873   873   873 988  10   1   0   0   0  -1  36.2  72
  16.5 1015720  0.952   858   858   858 989   9   1   0   0   0  -1  32.4  74
  17.0  873563  0.958   846   846   846 990   9   1   0   0   0  -1  28.6  76
  17.5  741829  0.958   837   837   837 990   8   1   0   0   0  -1  25.1  78
  18.0  631964  0.954   831   831   831 991   8   1   0   0   0  -1  22.1  80
  18.5  547792  0.950   826   826   826 991   8   1   0   0   0  -1  19.8  81
  19.0  487017  0.946   824   824   824 991   7   1   0   0   0  -1  18.1  82
  19.5  443024  0.944   821   836   836 992   7   1   0   0   0  -1  16.8  83
  20.0  408635  0.943   819   831   850 992   6   1   0   0   0  -1  15.7  84
  20.5  374854  0.943   816   823   860 993   6   1   0   0   0  -1  14.7  84
  21.0  334002  0.942   811   816   863 993   5   1   0   0   0  -1  13.5  84
  21.5  282800  0.937   805   812   858 994   5   1   0   0   0  -1  12.0  84
  22.0  224843  0.926   796   810   834 993   5   1   0   0   0  -1  10.1  84
  22.5  169694  0.906   787   807   811 993   6   1   0   0   0  -1   8.1  84
  23.0  128103  0.878   777   805   838 992   7   1   0   0   0  -1   6.5  84
  23.5  107345  0.842   767   803   886 991   8   1   1   0   0  -1   5.7  84
  24.0  111644  0.800   760   804  1066 989   9   1   1   0   0  -1   5.9  83
   1.0  217831  0.710   755   817  1595 986  13   1   1   0   0  -1  10.0  79
   1.5  335556  0.669   760   828  1858 984  14   1   1   0   0  -1  14.2  76
   2.0  492883  0.637   770   842  2011 983  15   1   1   0   0  -1  19.4  73
   2.5  673497  0.616   785   857  2025 983  16   1   1   0   0  -1  25.2  70
   3.0  855647  0.610   805   875  1953 982  16   1   1   0   0  -1  30.8  67
   3.5 1019005  0.616   828   893  1873 983  16   1   0   0   0  -1  35.6  65
   4.0 1148841  0.632   853   909  1837 984  16   1   0   0   0  -1  39.3  63
   4.5 1238019  0.652   880   924  1858 984  15   0   0   0   0  -1  41.8  61
   5.0 1287612  0.670   907   939  1918 985  14   0   0   0   0  -1  43.5  59
   5.5 1305869  0.678   932   953  1975 986  14   0   0   0   0  -1  45.0  58
   6.0 1929287  0.999   955   968  1992 986  14   0   0   0   0  -1  58.9  65
   6.5 1932275  0.988   976   983  1954 986  13   0   0   0   0  -1  60.7  64
   7.0 1948140  0.973   993   997  1884 986  14   0   0   0   0  -1  62.9  63
   7.5 1990279  0.961  1007  1011  1830 986  14   0   0   0   0  -1  65.2  63
   8.0 2060737  0.957  1018  1024  1810 985  15   0   0   0   0  -1  67.2  62
   8.5 2153103  0.960  1025  1033  1823 984  15   0   0   0   0  -1  68.9  63
   9.0 2251998  0.970  1030  1037  1856 983  16   0   0   0   0  -1  70.0  63
   9.5 2333040  0.983  1033  1036  1882 983  17   0   0   0   0  -1  70.2  64
  10.0 2369522  0.993  1032  1033  1875 982  17   0   0   0   0  -1  69.4  65
  10.5 2345539  0.998  1030  1032  1835 982  18   0   0   0   0  -1  67.5  66
  11.0 2265200  1.000  1025  1033  1775 982  18   0   0   0   0  -1  65.0  66
  11.5 1500869  0.699  1017  1034  1708 982  18   0   0   0   0  -1  49.6  58
  12.0 1436430  0.711  1008  1029  1623 982  17   0   0   0   0  -1  47.9  59
  12.5 1901861  1.000   995  1013  1478 982  17   0   0   0   0  -1  56.8  67
  13.0 1804360  1.000   981   986  1294 982  17   0   0   0   0  -1  54.7  67
  13.5 1727809  1.000   964   964  1150 983  16   0   0   0   0  -1  52.9  67
  14.0 1661485  0.999   946   946  1084 984  15   0   0   0   0  -1  51.0  68
  14.5 1589176  0.999   927   927  1036 985  14   1   0   0   0  -1  48.6  69
  15.0 1496131  0.999   908   908   945 986  13   1   0   0   0  -1  45.6  71
  15.5 1374986  1.000   890   890   890 987  11   1   0   0   0  -1  42.0  72
  16.0 1152166  0.938   873   873   873 989  10   1   0   0   0  -1  36.2  72
  16.5 1017925  0.952   858   858   858 989   9   1   0   0   0  -1  32.4  74
  17.0  875780  0.958   846   846   846 990   9   1   0   0   0  -1  28.6  76
  17.5  743594  0.958   837   837   837 990   8   1   0   0   0  -1  25.2  78
  18.0  632943  0.954   830   830   830 991   8   1   0   0   0  -1  22.2  80
  18.5  547820  0.949   826   826   826 991   8   1   0   0   0  -1  19.8  81
  19.0  486108  0.945   823   823   823 991   7   1   0   0   0  -1  18.0  82
  19.5  441312  0.943   821   835   835 992   7   1   0   0   0  -1  16.7  83
  20.0  406419  0.942   819   831   850 992   6   1   0   0   0  -1  15.7  84
  20.5  372525  0.943   816   823   860 993   6   1   0   0   0  -1  14.7  84
  21.0  331942  0.941   811   817   863 993   5   1   0   0   0  -1  13.5  84
  21.5  281244  0.937   804   812   858 994   5   1   0   0   0  -1  11.9  84
  22.0  223790  0.925   796   810   835 993   5   1   0   0   0  -1  10.0  84
  22.5  168947  0.906   786   807   811 993   6   1   0   0   0  -1   8.1  84
  23.0  127395  0.878   776   805   837 992   7   1   0   0   0  -1   6.5  85
  23.5  106439  0.842   767   803   886 991   8   1   1   0   0  -1   5.6  84
  24.0  110302  0.800   760   804  1064 989   9   1   1   0   0  -1   5.8  84
   1.0  214709  0.709   755   817  1596 986  13   1   1   0   0  -1   9.9  80
   1.5  331144  0.668   760   828  1861 984  14   1   1   0   0  -1  14.0  76
   2.0  487181  0.636   770   842  2014 983  15   1   1   0   0  -1  19.3  73
   2.5  666833  0.615   785   857  2027 983  16   1   1   0   0  -1  25.0  70
   3.0  848702  0.608   805   875  1954 983  16   1   1   0   0  -1  30.6  67
   3.5 1012669  0.614   828   892  1873 983  16   1   0   0   0  -1  35.5  65
   4.0 1143936  0.631   854   909  1837 984  16   1   0   0   0  -1  39.2  63
   4.5 1234977  0.652   880   924  1857 984  15   0   0   0   0  -1  41.7  61
   5.0 1286259  0.669   907   939  1917 985  14   0   0   0   0  -1  43.5  59
   5.5 1305515  0.678   932   953  1973 986  14   0   0   0   0  -1  44.9  58
   6.0 1929027  0.999   955   968  1991 986  13   0   0   0   0  -1  58.8  65
   6.5 1931049  0.987   975   983  1954 986  13   0   0   0   0  -1  60.8  64
   7.0 1945619  0.971   993   997  1885 986  14   0   0   0   0  -1  62.9  63
   7.5 1986580  0.959  1007  1011  1831 986  14   0   0   0   0  -1  65.2  63
   8.0 2056072  0.954  1017  1024  1810 985  15   0   0   0   0  -1  67.2  62
   8.5 2147731  0.958  1025  1033  1823 984  15   0   0   0   0  -1  68.9  63
   9.0 2246260  0.968  1030  1037  1856 984  16   0   0   0   0  -1  70.0  63
   9.5 2327291  0.981  1032  1036  1882 983  17   0   0   0   0  -1  70.1  64
  10.0 2363997  0.992  1032  1034  1876 982  17   0   0   0   0  -1  69.3  65
  10.5 2340254  0.998  1030  1032  1836 982  18   0   0   0   0  -1  67.4  66
  11.0 2260099  1.000  1025  1034  1776 982  18   0   0   0   0  -1  64.9  66
  11.5 2143804  1.000  1018  1034  1710 982  17   0   0   0   0  -1  62.0  67
  12.0 1432700  0.711  1008  1029  1625 982  17   0   0   0   0  -1  47.8  59
  12.5 1898417  1.000   995  1013  1482 982  17   0   0   0   0  -1  56.8  67
  13.0 1801820  1.000   981   987  1299 983  17   0   0   0   0  -1  54.7  67
  13.5 1726160  0.999   964   964  1153 983  16   0   0   0   0  -1  52.8  67
  14.0 1660676  0.999   946   946  1086 984  15   0   0   0   0  -1  50.9  68
  14.5 1589172  0.999   927   927  1037 985  14   1   0   0   0  -1  48.6  69
  15.0 1496941  0.999   908   908   947 986  13   1   0   0   0  -1  45.6  71
  15.5 1376594  1.000   889   889   889 988  11   1   0   0   0  -1  42.1  72
  16.0 1153856  0.938   873   873   873 989  10   1   0   0   0  -1  36.2  73
  16.5 1020133  0.952   858   858   858 989   9   1   0   0   0  -1  32.5  74
  17.0  877995  0.958   846   846   846 990   9   1   0   0   0  -1  28.7  76
  17.5  745351  0.957   837   837   837 990   8   1   0   0   0  -1  25.2  78
  18.0  633915  0.953   830   830   830 991   8   1   0   0   0  -1  22.2  80
  18.5  547842  0.948   826   826   826 991   8   1   0   0   0  -1  19.8  81
  19.0  485192  0.945   823   823   823 991   7   1   0   0   0  -1  18.0  82
  19.5  439601  0.942   821   834   834 992   7   1   0   0   0  -1  16.7  83
  20.0  404208  0.941   819   831   849 992   6   1   0   0   0  -1  15.6  84
  20.5  370202  0.942   816   823   859 993   6   1   0   0   0  -1  14.6  84
  21.0  329886  0.941   811   817   863 993   5   1   0   0   0  -1  13.4  84
  21.5  279690  0.936   804   813   858 994   5   1   0   0   0  -1  11.9  84
  22.0  222738  0.925   796   810   835 993   5   1   0   0   0  -1  10.0  84
  22.5  168199  0.906   786   807   811 993   6   1   0   0   0  -1   8.1  84
  23.0  126687  0.879   776   805   837 992   7   1   0   0   0  -1   6.5  85
  23.5  105534  0.842   767   803   885 991   8   1   1   0   0  -1   5.6  84
  24.0  108965  0.800   760   804  1063 989   9   1   1   0   0  -1   5.7  84
   1.0  211608  0.709   756   817  1597 986  13   1   1   0   0  -1   9.8  80
   1.5  326761  0.668   760   828  1864 984  14   1   1   0   0  -1  13.9  76
   2.0  481516  0.635   770   842  2017 983  15   1   1   0   0  -1  19.1  73
   2.5  660208  0.613   785   858  2029 983  16   1   1   0   0  -1  24.8  70
   3.0  841778  0.606   805   875  1955 983  16   1   1   0   0  -1  30.5  67
   3.5 1006337  0.613   828   892  1874 983  16   1   0   0   0  -1  35.3  65
   4.0 1139025  0.630   854   909  1836 984  15   1   0   0   0  -1  39.1  63
   4.5 1231927  0.651   880   924  1856 984  15   0   0   0   0  -1  41.6  61
   5.0 1284906  0.669   907   939  1915 985  14   0   0   0   0  -1  43.4  59
   5.5 1305161  0.678   932   953  1972 986  14   0   0   0   0  -1  44.9  58
   6.0 1928744  0.999   955   968  1990 986  13   0   0   0   0  -1  58.8  65
   6.5 1929764  0.987   975   983  1954 986  13   0   0   0   0  -1  60.8  64
   7.0 1943010  0.969   993   997  1886 986  14   0   0   0   0  -1  63.0  63
   7.5 1982772  0.956  1007  1011  1832 986  14   0   0   0   0  -1  65.2  63
   8.0 2051283  0.952  1017  1024  1811 985  15   0   0   0   0  -1  67.3  62
   8.5 2142225  0.956  1025  1033  1823 984  15   0   0   0   0  -1  68.9  63
   9.0 2240386  0.966  1030  1037  1856 984  16   0   0   0   0  -1  69.9  63
   9.5 2321421  0.980  1032  1036  1882 983  17   0   0   0   0  -1  70.1  64
  10.0 2358369  0.991  1032  1034  1876 983  17   0   0   0   0  -1  69.2  65
  10.5 2334899  0.998  1030  1033  1837 982  17   0   0   0   0  -1  67.3  66
  11.0 2254962  1.000  1025  1034  1778 982  17   0   0   0   0  -1  64.8  66
  11.5 2138975  1.000  1018  1035  1711 982  17   0   0   0   0  -1  61.9  67
  12.0 1428959  0.710  1008  1029  1628 982  17   0   0   0   0  -1  47.7  59
  12.5 1894967  1.000   995  1014  1486 983  17   0   0   0   0  -1  56.7  67
  13.0 1799271  1.000   981   987  1303 983  17   0   0   0   0  -1  54.6  67
  13.5 1724502  0.999   964   964  1156 983  16   0   0   0   0  -1  52.8  67
  14.0 1659855  0.999   946   946  1087 984  15   0   0   0   0  -1  50.9  68
  14.5 1589156  0.998   927   927  1039 985  14   1   0   0   0  -1  48.6  69
  15.0 1497742  0.999   908   908   949 986  13   1   0   0   0  -1  45.6  71
  15.5 1378198  1.000   889   889   889 988  11   1   0   0   0  -1  42.1  72
  16.0 1155541  0.937   873   873   873 989  10   1   0   0   0  -1  36.2  73
  16.5 1022339  0.952   858   858   858 990   9   1   0   0   0  -1  32.5  74
  17.0  880213  0.958   846   846   846 990   9   1   0   0   0  -1  28.7  76
  17.5  747107  0.957   837   837   837 990   8   1   0   0   0  -1  25.2  78
  18.0  634878  0.952   830   830   830 991   8   1   0   0   0  -1  22.2  80
  18.5  547855  0.947   826   826   826 991   8   1   0   0   0  -1  19.8  81
  19.0  484271  0.944   823   823   823 991   7   1   0   0   0  -1  18.0  82
  19.5  437887  0.941   821   833   833 992   7   1   0   0   0  -1  16.6  83
  20.0  401998  0.941   819   831   849 992   6   1   0   0   0  -1  15.6  84
  20.5  367883  0.941   816   823   859 993   6   1   0   0   0  -1  14.5  84
  21.0  327834  0.941   811   817   863 993   6   1   0   0   0  -1  13.4  84
  21.5  278136  0.936   804   813   858 994   5   1   0   0   0  -1  11.8  84
  22.0  221685  0.925   796   810   836 993   6   1   0   0   0  -1  10.0  84
  22.5  167450  0.906   786   807   811 993   6   1   0   0   0  -1   8.0  84
  23.0  125979  0.879   776   805   837 992   7   1   0   0   0  -1   6.4  85
  23.5  104629  0.842   767   803   884 991   8   1   1   0   0  -1   5.6  84
  24.0  107634  0.800   760   804  1062 989   9   1   1   0   0  -1   5.7  84