[6.193496],
[45.837143],
[64.95617],
[70.805786],
[10.086513],
[20.024523],
[17.300833],
[48.679295],
[41.353928],
[7.877061],
[61.187702],
[7.093275],
[59.409805],
[70.16227],
[38.480995],
[70.04155],
[26.702597],
[7.172285],
[52.565075],
[64.9332],
[34.465675],
[10.577921],
[60.142643],
[7.680736],
[70.97096],
[17.929941],
[71.43755],
[43.87772],
[45.803646],
[38.902805],
[14.561187],
[52.580715],
[17.820517],
[59.32648],
[16.534216],
[28.777834],
[30.89265],
[61.31608],
[16.85626],
[7.5323343],
[7.1933727],
[70.438614],
[51.485973],
[15.94848],
[20.360472],
[66.29902],
[21.74675],
[6.683745],
[42.87244],
[7.186267],
[44.311356],
[28.655916],
[71.64604],
[16.51407],
[54.618618],
[42.737694],
[33.21554],
[16.050316],
[15.786695],
[9.627371],
[14.15274],
[17.62606],
[69.8253],
[45.868465],
[41.38314],
[62.918247],
[8.086741],
[45.920105],
[68.288635],
[42.53079],
[41.944782],
[14.222979],
[10.115386],
[64.61811],
[65.560394],
[69.97077],
[6.324567],
[61.484283],
[61.486843],
[52.0139],
[44.50459],
[69.62411],
[6.5263815],
[36.28745],
[64.86315],
[39.640396],
[18.782885],
[10.152235],
[58.74843],
[12.830419],
[66.031746],
[46.03927],
[43.753246],
[35.296886],
[58.394665],
[9.866969],
[41.169376],
[54.636814],
[28.339218],
[68.18548],
[49.08211],
[5.7441583],
[46.761288],
[71.50962],
[45.246395],
[38.6002],
[18.386],
[7.9497714],
[18.161943],
[41.830456],
[66.252014],
[24.518328],
[20.519144],
[29.326483],
[68.22811],
[45.92516],
[70.00648],
[37.136173],
[69.07763],
[35.195503],
[71.671394],
[26.317244],
[70.34518],
[51.5398],
[59.36784],
[19.528828],
[17.049667],
[67.98501],
[6.6875424],
[55.315166],
[25.060635],
[30.991741],
[13.6156435],
[63.343506],
[40.68179],
[12.628978],
[49.687077],
[22.32483],
[69.13918],
[31.261698],
[14.500889],
[45.09836],
[40.53658],
[23.700945],
[70.575134],
[51.996292],
[23.125551],
[14.28299],
[40.956005],
[38.003872],
[44.34579],
[30.108532],
[45.865444],
[70.22249],
[10.279786],
[16.342924],
[30.815573],
[30.43033],
[16.599638],
[41.599705],
[66.63094],
[24.947386],
[45.033443],
[57.128727],
[20.38486],
[42.24176],
[9.551815],
[8.1547],
[18.108076],
[22.381664],
[57.118755],
[29.576921],
[69.325516],
[67.95702],
[68.415924],
[20.732443],
[8.466267],
[64.98815],
[68.784805],
[71.37183],
[15.009867],
[66.35685],
[64.66988],
[70.949814],
[71.95837],
[41.293804],
[14.18721],
[6.7264533],
[70.92064],
[59.701145],
[17.987406],
[19.96253],
[35.270344],
[42.09992],
[53.577763],
[64.39267],
[17.588081],
[38.095844],
[41.398823],
[63.91063],
[46.629562],
[23.021452],
[63.855633],
[44.222347],
[44.13544],
[46.482986],
[71.16607],
[35.042465],
[68.66018],
[62.905567],
[55.12192],
[70.516426],
[23.075474],
[38.360203],
[68.917366],
[7.094428],
[17.400084],
[44.04566],
[34.43679],
[50.030163],
[66.75396],
[50.065456],
[69.008575],
[55.23241],
[23.958017],
[12.71926],
[64.996376],
[15.005044],
[45.403248],
[47.040928],
[16.420507],
[52.020294],
[46.287205],
[18.777193],
[43.311836],
[32.974117],
[42.367462],
[45.58051],
[46.710323],
[30.972979],
[69.24955],
[22.417246],
[17.038948],
[19.124575],
[14.810179],
[53.12946],
[49.045498],
[50.181576],
[39.735836],
[5.894239],
[54.455334],
[55.18742],
[20.81576],
[29.664225],
[67.11096],
[42.47158],
[62.0305],
[43.667614],
[8.368424],
[42.213825],
[12.888376],
[42.692387],
[50.417034],
[70.70542],
[49.712605],
[67.827034],
[25.310204],
[18.616022],
[70.17357],
[71.01201],
[55.624493],
[18.042425],
[48.51283],
[41.583675],
[57.43935],
[16.60772],
[16.827435],
[13.271507],
[14.816654],
[69.33939],
[67.70861],
[15.507072],
[70.553215],
[26.330687],
[64.54087],
[22.274277],
[27.904528],
[16.725542],
[34.84242],
[45.33865],
[16.498152],
[18.101164],
[7.600287],
[16.317049],
[18.76813],
[16.456326],
[10.824537],
[5.866851],
[63.617287],
[51.578888],
[70.88802],
[52.22256],
[6.221015],
[20.00096],
[62.990673],
[15.867528],
[67.86541],
[43.678684],
[9.5769205],
[68.5754],
[41.887756],
[14.055067],
[68.06897],
[46.046963],
[46.57094],
[63.255814],
[68.62824],
[64.56899],
[58.307133],
[11.094696],
[28.881918],
[12.058875],
[46.197178],
[30.408907],
[70.63961],
[71.626686],
[67.83498],
[6.8733416],
[55.120007],
[65.11897],
[17.949974],
[35.071552],
[48.063023],
[19.932856],
[50.881397],
[30.1522],
[50.202705],
[66.02662],
[45.56139],
[69.96447],
[48.44964],
[46.0088],
[20.694614],
[69.71595],
[33.55063],
[21.460236],
[10.216123],
[60.69027],
[19.768991],
[18.318647],
[32.785244],
[47.47909],
[50.060352],
[15.287807],
[36.663223],
[39.830906],
[9.345134],
[37.260143],
[38.69692],
[9.700597],
[38.57797],
[14.879445],
[28.852177],
[41.805645],
[49.09883],
[26.629187],
[12.556188],
[45.81258],
[6.166012],
[17.692469],
[9.80687],
[48.440212],
[40.71121],
[14.000647],
[7.5352383],
[24.636677],
[66.3635],
[35.03693],
[18.458014],
[46.03264],
[10.980777],
[26.060194],
[37.4281],
[35.121635],
[10.014937],
[36.185852],
[44.90007],
[39.28375],
[66.80778],
[71.234886],
[69.19194],
[10.063608],
[15.368052],
[13.884759],
[26.019897],
[11.684697],
[41.353367],
[70.99291],
[37.30709],
[5.9336762],
[34.668526],
[38.446465],
[19.357895],
[47.842777],
[23.631863],
[12.922695],
[5.8574553],
[68.74996],
[61.202934],
[21.500576],
[18.256445],
[58.68446],
[42.31722],
[6.841615],
[16.414352],
[48.30708],
[26.437037],
[43.11765],
[29.349836],
[48.260197],
[69.19015],
[68.40032],
[69.37583],
[23.050425],
[9.681945],
[67.60518],
[62.71269],
[45.961346],
[27.084187],
[70.62417],
[5.8014507],
[44.64506],
[68.81762],
[25.07514],
[7.2231708],
[69.19149],
[65.28472],
[70.36788],
[69.573006],
[19.927027],
[49.22344],
[63.15515],
[69.363716],
[62.417507],
[46.29523],
[69.34617],
[18.900972],
[27.875443],
[66.21645],
[41.272633],
[41.750484],
[23.007303],
[71.22125],
[69.84071],
[50.898914],
[47.85758],
[70.86286],
[11.241951],
[18.002035],
[16.500929],
[66.92653],
[43.801876],
[36.447117],
[68.18609],
[68.2239],
[45.449078],
[46.51418],
[34.723553],
[59.770283],
[34.416634],
[68.924706],
[51.374462],
[53.873657],
[15.791815],
[42.73036],
[6.980236],
[68.17482],
[34.734684],
[38.00178],
[18.916502],
[46.151466],
[69.07688],
[42.89417],
[71.43766],
[70.35018],
[68.41379],
[33.82468],
[43.55378],
[68.831474],
[19.41084],
[8.533778],
[45.979584],
[48.963223],
[60.881573],
[11.829509],
[67.44842],
[24.986261],
[17.435247],
[68.92135],
[6.2325788],
[16.109312],
[59.540607],
[13.125741],
[64.05286],
[69.764366],
[37.199623],
[70.26743],
[68.95482],
[45.758472],
[37.07101],
[19.072966],
[20.665617],
[38.51238],
[19.907076],
[47.81347],
[41.915436],
[71.21818],
[23.511328],
[37.458775],
[10.100202],
[61.045803],
[65.06472],
[35.91263],
[59.86047],
[7.172945],
[17.678408],
[68.85384],
[46.03566],
[42.82893],
[47.190754],
[47.8272],
[70.47709],
[11.83402],
[67.79631],
[49.25513],
[41.424965],
[33.171623],
[54.044987],
[38.322445],
[60.609707],
[67.83931],
[68.72587],
[5.6834536],
[70.555115],
[20.088793],
[65.87238],
[27.1632],
[48.495007],
[42.321606],
[71.0648],
[12.000546],
[37.11141],
[50.448917],
[71.31182],
[68.60152],
[24.074171],
[71.86763],
[69.71267],
[6.7237926],
[42.637917],
[53.481216],
[65.45912],
[60.372845],
[71.16281],
[18.277058],
[30.2261],
[71.319725],
[34.636993],
[61.73416],
[28.988136],
[47.582012],
[70.553085],
[27.593096],
[12.0061865],
[18.85362],
[31.596613],
[69.724],
[42.47864],
[10.045524],
[7.1377234],
[37.691807],
[26.70275],
[23.2713],
[69.64358],
[46.76773],
[68.25773],
[67.896255],
[10.024949],
[44.81007],
[30.135176],
[66.667175],
[38.0172],
[22.181011],
[35.878242],
[13.052684],
[17.737608],
[6.651337],
[19.233637],
[70.33546],
[49.70191],
[68.12954],
[24.432854],
[51.18543],
[34.348392],
[58.930584],
[67.812004],
[22.331936],
[32.24917],
[65.49829],
[66.412315],
[23.946184],
[35.4137],
[33.290203],
[65.79382],
[45.86747],
[65.22841],
[69.08079],
[66.520294],
[47.08334],
[68.867],
[22.292084],
[53.097244],
[62.211468],
[43.49217],
[57.16968],
[29.53277],
[23.74542],
[71.52288],
[24.680918],
[69.07546],
[44.15852],
[34.741688],
[21.947065],
[22.670488],
[10.109725],
[19.525427],
[70.5042],
[8.045499],
[13.07635],
[68.57165],
[25.610674],
[68.99846],
[8.058451],
[70.80006],
[67.579285],
[10.08801],
[11.585469],
[71.0171],
[66.09887],
[33.67013],
[8.026291],
[31.769747],
[65.93453],
[33.63091],
[66.21107],
[68.63003],
[7.52808],
[35.752483],
[69.45723],
[43.36634],
[15.561715],
[15.371257],
[18.124788],
[58.234165],
[17.67692],
[68.0876],
[11.993558],
[69.65003],
[42.04153],
[58.86729],
[71.181366],
[58.40729],
[40.83962],
[5.8448424],
[23.22225],
[17.480753],
[65.985916],
[8.488568],
[67.57167],
[64.63749],
[67.020164],
[70.210915],
[68.716484],
[71.298874],
[70.67172],
[29.622728],
[66.4245],
[17.862528],
[68.51742],
[18.202726],
[67.85127],
[34.82336],
[69.06019],
[71.94705],
[33.822193],
[71.15792],
[19.944897],
[43.44048],
[44.926624],
[58.663788],
[70.79011],
[56.05325],
[14.819501],
[17.685732],
[66.73647],
[69.89614],
[34.373634],
[60.14929],
[62.11658],
[21.827507],
[57.851715],
[45.08254],
[18.162931],
[71.23186],
[5.7906966],
[64.39336],
[70.2741],
[21.138653],
[46.005074],
[15.771386],
[60.69813],
[6.4934673],
[30.825445],
[45.714344],
[26.34966],
[24.563086],
[69.162254],
[47.482025],
[38.561954],
[47.457134],
[45.928493],
[68.131836],
[12.762149],
[58.667667],
[35.96227],
[9.065049],
[68.57301],
[32.338703],
[15.32814],
[40.3056],
[17.501131],
[11.975257],
[31.880976],
[29.57774],
[13.272392],
[42.575893],
[26.873884],
[27.973392],
[66.55522],
[64.48235],
[40.936096],
[41.09283],
[68.11309],
[61.619225],
[11.64626],
[13.603116],
[71.206474],
[47.916443],
[70.66856],
[21.424246],
[68.19419],
[45.023144],
[48.486446],
[42.42735],
[31.839386],
[62.763367],
[54.408237],
[44.36931],
[17.965986],
[69.898285],
[11.235841],
[58.826733],
[25.984644],
[33.547997],
[14.200833],
[52.57715],
[48.41225],
[69.34668],
[8.586694],
[15.798974],
[51.67362],
[12.034839],
[62.787415],
[48.124992],
[68.63126],
[46.456657],
[10.014937],
[16.652155],
[64.25191],
[15.673909],
[57.170288],
[58.801083],
[47.171646],
[68.484],
[63.6159],
[7.573967],
[44.872242],
[13.215899],
[44.00572],
[12.592721],
[9.636687],
[66.33633],
[41.244686],
[17.6917],
[40.435143],
[64.79374],
[36.789284],
[69.45255],
[41.84567],
[13.279794],
[42.871803],
[10.032678],
[69.923164],
[52.094315],
[48.238026],
[51.855885],
[6.0803356],
[6.1535964],
[43.379154],
[40.787327],
[44.35744],
[68.19782],
[45.756046],
[23.036951],
[43.926136],
[59.034283],
[64.308044],
[21.80739],
[47.198837],
[31.916643],
[42.40934],
[71.556],
[20.498095],
[37.24496],
[19.72407],
[39.306118],
[8.177595],
[45.808113],
[68.2232],
[68.16569],
[54.341198],
[42.06348],
[15.455611],
[46.844135],
[56.939014],
[31.50151],
[52.929928],
[68.45867],
[40.794044],
[13.874743],
[38.061802],
[47.96071],
[14.112234],
[43.98034],
[7.6698027],
[63.100414],
[44.16322],
[69.46184],
[22.254658],
[12.866021],
[64.15325],
[50.112514],
[12.423812],
[14.334287],
[67.82398],
[37.157345],
[40.703022],
[10.007392],
[57.25485],
[45.75291],
[42.13928],
[70.439964],
[61.408054],
[13.85507],
[52.867577],
[18.109707],
[11.815427],
[67.67013],
[35.649612],
[46.31149],
[69.14646],
[23.487743],
[61.40241],
[68.55342],
[33.75143],
[42.52605],
[65.75397],
[69.404396],
[36.108322],
[68.58162],
[22.424974],
[48.468258],
[39.349464],
[69.03386],
[70.23028],
[16.584097],
[29.372353],
[37.696156],
[35.151737],
[37.161213],
[18.335218],
[27.797411],
[8.135859],
[18.357748],
[48.42995],
[18.464918],
[24.075003],
[47.483006],
[69.10221],
[38.775547],
[66.28973],
[66.41471],
[68.854164],
[52.753193],
[11.381066],
[60.56509],
[7.213976],
[48.04222],
[46.887943],
[69.71499],
[19.928534],
[64.56849],
[54.200886],
[43.731968],
[6.1796083],
[27.306194],
[62.679478],
[34.526787],
[64.04502],
[70.39095],
[38.21948],
[69.28616],
[67.8505],
[46.97511],
[42.69101],
[39.806854],
[66.40366],
[35.824005],
[62.800133],
[40.612774],
[42.530285],
[38.83608],
[71.84373],
[16.633753],
[11.4720335],
[50.211163],
[40.307026],
[60.13126],
[60.658543],
[24.039946],
[60.187553],
[18.485033],
[22.323847],
[64.45952],
[48.57413],
[30.63771],
[41.799004],
[44.444927],
[28.010656],
[30.306705],
[31.624983],
[18.309132],
[9.974577],
[39.573513],
[33.390705],
[5.9800344],
[59.009277],
[25.667583],
[25.91276],
[23.277174],
[42.750004],
[50.18525],
[23.676977],
[62.646427],
[15.701648],
[19.461607],
[22.242777],
[26.92462],
[23.60475],
[16.289608],
[39.46516],
[63.65261],
[7.757744],
[20.803843],
[43.899967],
[52.202602],
[69.02988],
[65.09018],
[46.05552],
[36.733204],
[14.151292],
[17.245684],
[54.40582],
[38.31165],
[54.371437],
[9.945273],
[8.5121765],
[11.253896],
[70.33397],
[32.29502],
[20.012842],
[8.946188],
[52.010975],
[10.357512],
[63.055294],
[30.036398],
[47.87797],
[68.648476],
[25.427286],
[63.731792],
[68.61336],
[7.68883],
[56.79493],
[22.38677],
[11.287551],
[13.064281],
[6.7712545],
[8.377473],
[44.708027],
[49.5087],
[41.33382],
[36.337955],
[16.554308],
[63.965225],
[52.34608],
[53.158054],
[43.47417],
[15.9075165],
[67.84298],
[20.819635],
[6.62648],
[69.69307],
[68.7152],
[45.62636],
[23.233545],
[46.82555],
[70.2934],
[69.36526],
[16.672863],
[29.79001],
[32.50501],
[70.81641],
[36.38074],
[68.17843],
[60.699528],
[65.866516],
[13.0994835],
[32.61278],
[62.22712],
[13.736802],
[54.1686],
[7.6776533],
[10.101924],
[14.464538],
[42.180855],
[67.570595],
[46.627457],
[46.737225],
[70.78208],
[42.73601],
[69.94573],
[68.40409],
[42.843796],
[24.656624],
[19.604162],
[30.738249],
[43.29354],
[50.1846],
[24.890318],
[7.8872466],
[52.202084],
[65.68269],
[69.60774],
[11.315619],
[66.07208],
[58.510937],
[18.275148],
[14.993924],
[9.568276],
[20.605804],
[62.1738],
[62.350132],
[42.614395],
[11.30036],
[68.59492],
[64.53594],
[22.856256],
[71.797005],
[25.660906],
[70.27],
[29.62383],
[67.499245],
[11.047989],
[37.485603],
[38.470303],
[67.23304],
[15.253873],
[44.927326],
[6.416524],
[51.076878],
[54.802467],
[8.139551],
[19.227674],
[48.63919],
[42.822926],
[25.835686],
[49.095715],
[34.90865],
[7.139086],
[49.001156],
[68.40693],
[69.39117],
[69.26833],
[67.47806],
[40.730335],
[47.464607],
[18.485317],
[22.506039],
[24.926054],
[49.84699],
[61.39832],
[28.074226],
[44.89412],
[65.173134],
[20.23862],
[31.891573],
[21.795645],
[64.906525],
[58.834133],
[50.41182],
[22.326326],
[68.06531],
[13.690285],
[13.586201],
[36.920643],
[20.075891],
[46.79252],
[69.56917],
[28.885813],
[48.714375],
[18.169197],
[67.453156],
[51.172916],
[64.29569],
[15.577296],
[67.40593],
[17.215322],
[16.369005],
[15.780327],
[63.116596],
[39.671253],
[54.760983],
[58.24135],
[19.93589],
[70.83646],
[46.235],
[8.219723],
[64.75465],
[68.99079],
[56.844463],
[70.239204],
[71.48767],
[11.535973],
[68.73559],
[64.91053],
[20.448046],
[18.12654],
[45.348797],
[69.80695],
[67.07159],
[38.403366],
[71.927925],
[37.020115],
[62.139545],
[42.499043],
[15.572148],
[35.001007],
[71.025276],
[48.804417],
[70.80244],
[71.26145],
[20.811762],
[67.1177],
[41.212044],
[65.10107],
[33.790462],
[28.503773],
[67.262474],
[45.271317],
[24.664213],
[63.489662],
[31.949242],
[70.09147],
[64.866936],
[68.187035],
[26.924665],
[44.289387],
[18.252943],
[71.47738],
[41.377575],
[26.854685],
[57.935513],
[49.702465],
[10.06326],
[43.980732],
[67.245766],
[21.1875],
[15.576035],
[36.631596],
[45.480907],
[67.437454],
[10.316942],
[52.321747],
[42.0495],
[12.998817],
[6.2542167],
[69.47057],
[69.27537],
[15.499407],
[66.4904],
[49.523586],
[66.998535],
[64.60952],
[16.523151],
[69.33776],
[64.37344],
[13.752044],
[13.888931],
[46.881214],
[57.778442],
[14.017987],
[63.79665],
[17.997103],
[66.60762],
[21.378586],
[13.843078],
[24.787054],
[18.103853],
[44.80669],
[68.02726],
[35.286346],
[15.456109],
[46.43388],
[25.11559],
[68.81115],
[45.091743],
[53.22195],
[70.8184],
[37.033062],
[39.624996],
[6.4643507],
[16.891924],
[45.566257],
[36.021572],
[26.325258],
[49.087627],
[70.97042],
[53.12734],
[30.368433],
[70.45299],
[63.128796],
[22.33613],
[27.388807],
[66.2385],
[45.96064],
[19.85891],
[6.11972],
[62.10459],
[51.368526],
[48.61246],
[17.84602],
[27.266935],
[48.30354],
[41.09233],
[42.033295],
[18.38452],
[43.007122],
[24.210955],
[64.304504],
[29.37242],
[35.233376],
[65.94167],
[19.472473],
[15.137873],
[64.45814],
[45.606922],
[45.805477],
[14.700672],
[68.00727],
[9.666362],
[13.576382],
[43.658924],
[67.83521],
[65.9676],
[16.682154],
[20.408236],
[61.766724],
[49.687664],
[68.01431],
[57.366238],
[70.18641],
[16.990416],
[39.55004],
[39.77995],
[6.1853256],
[11.656264],
[49.804413],
[20.567099],
[71.2423],
[67.87603],
[22.595924],
[37.937923],
[63.935017],
[19.938152],
[65.46279],
[16.684015],
[6.981986],
[34.160305],
[35.28377],
[18.901543],
[38.00767],
[43.74841],
[14.818906],
[11.421725],
[49.510536],
[33.46089],
[23.749857],
[68.95997],
[52.379932],
[42.895145],
[69.711624],
[9.757906],
[12.661679],
[61.044506],
[69.95162],
[16.693813],
[66.96874],
[15.90534],
[64.1586],
[16.090971],
[68.07556],
[8.546477],
[14.853555],
[68.11504],
[32.159336],
[53.66677],
[19.45418],
[18.495996],
[49.275543],
[66.23472],
[71.3092],
[69.222725],
[18.38199],
[11.778001],
[47.512074],
[44.705944],
[66.52891],
[71.67486],
[21.904398],
[65.41474],
[20.704401],
[70.512054],
[7.7661104],
[68.914894],
[60.116756],
[30.20049],
[69.58456],
[7.055684],
[42.484676],
[12.609666],
[34.828606],
[38.940525],
[21.246756],
[35.90568],
[10.106631],
[11.987654],
[18.431854],
[64.28517],
[64.77702],
[40.204212],
[24.153843],
[43.425644],
[48.15636],
[13.822438],
[63.35167],
[36.2216],
[7.768334],
[38.97965],
[65.88398],
[11.089358],
[68.18438],
[68.338356],
[70.72167],
[16.947958],
[61.404663],
[22.339907],
[18.714556],
[46.317326],
[15.830886],
[48.170925],
[68.825066],
[62.293575],
[39.720135],
[16.953287],
[51.58106],
[22.154055],
[66.80877],
[23.58719],
[70.180916],
[41.37248],
[62.200336],
[66.459694],
[45.711376],
[68.81915],
[44.9131],
[19.42014],
[42.956444],
[22.646345],
[69.77772],
[69.15315],
[34.715584],
[70.76586],
[17.747055],
[17.194365],
[45.93463],
[18.193731],
[62.952045],
[68.754845],
[68.42031],
[37.832573],
[14.216323],
[71.68225],
[60.745296],
[14.740621],
[68.05329],
[44.137806],
[67.663086],
[50.872883],
[23.42032],
[18.733511],
[27.464586],
[70.30629],
[47.845604],
[45.534866],
[17.35651],
[34.71476],
[64.33151],
[13.207336],
[15.068201],
[71.28149],
[13.183165],
[19.880417],
[23.577322],
[66.55133],
[42.08904],
[70.99546],
[38.841007],
[68.83569],
[35.56261],
[41.913074],
[45.902264],
[42.177162],
[40.4046],
[29.346811],
[17.421484],
[41.149963],
[66.446945],
[11.296626],
[37.19824],
[35.41655],
[22.302279],
[44.51347],
[18.1999],
[21.730455],
[58.24135],
[68.11341],
[52.1492],
[61.36534],
[35.343117],
[10.074288],
[70.79404],
[60.569263],
[18.602451],
[64.8283],
[19.884937],
[11.863677],
[20.260805],
[7.1891313],
[14.702267],
[70.45739],
[7.0231314],
[69.88697],
[43.870594],
[49.969044],
[64.929726],
[42.12481],
[68.45029],
[44.859005],
[38.163445],
[69.9228],
[48.75309],
[9.617247],
[70.23467],
[65.06571],
[68.987404],
[41.580563],
[64.99538],
[64.81167],
[10.536752],
[51.82227],
[13.701656],
[72.02772],
[38.940525],
[19.75942],
[6.6992874],
[60.116028],
[15.771803],
[60.14591],
[58.595394],
[50.194046],
[16.059032],
[57.833015],
[54.637646],
[43.775517],
[33.45165],
[44.62688],
[62.82004],
[13.198722],
[65.96066],
[29.186512],
[13.559645],
[64.10738],
[46.45831],
[37.515224],
[68.788925],
[25.054235],
[6.6406817],
[53.794323],
[45.691715],
[14.021476],
[25.760809],
[46.711185],
[23.688612],
[33.597866],
[62.194214],
[11.146985],
[20.044283],
[24.821663],
[69.85519],
[30.78308],
[61.48612],
[6.603193],
[70.83189],
[53.135387],
[66.34717],
[46.291313],
[16.365515],
[17.199736],
[15.111824],
[17.21681],
[7.7267504],
[13.790216],
[8.569814],
[70.76817],
[41.508778],
[7.693242],
[65.87648],
[13.597718],
[66.736946],
[41.951645],
[29.839853],
[39.97376],
[6.7047772],
[67.64787],
[68.66435],
[25.590803],
[46.77224],
[11.267786],
[10.571795],
[67.18938],
[6.595509],
[30.188509],
[21.168097],
[7.784065],
[67.265724],
[45.520695],
[53.302204],
[69.472694],
[9.594622],
[69.42513],
[20.94314],
[43.68861],
[28.178278],
[49.124622],
[69.44585],
[8.777726],
[20.429598],
[69.493614],
[69.84637],
[58.86566],
[62.28771],
[35.344685],
[37.035233],
[17.887344],
[59.934494],
[70.76276],
[17.013876],
[6.520993],
[67.24629],
[49.51251],
[67.38402],
[45.78754],
[39.070076],
[71.231804],
[39.540462],
[65.18616],
[31.179604],
[14.264447],
[33.182514],
[58.95897],
[46.067535],
[45.985462],
[9.915215],
[22.032124],
[43.698166],
[10.083898],
[18.53285],
[37.60825],
[17.05156],
[18.25373],
[22.523596],
[29.94537],
[22.177969],
[68.961624],
[6.5042434],
[15.075074],
[66.42541],
[52.455357],
[65.02686],
[33.928734],
[63.84949],
[11.160275],
[38.15504],
[52.70429],
[35.707874],
[58.650036],
[65.82987],
[10.9418],
[39.623356],
[52.28052],
[68.116745],
[67.71695],
[18.332678],
[40.132847],
[28.369028],
[45.60979],
[60.45715],
[44.461346],
[66.364334],
[6.828602],
[46.065178],
[68.63811],
[26.371538],
[18.30913],
[6.612859],
[60.472622],
[34.289845],
[16.661081],
[17.09894],
[7.7520595],
[19.502586],
[68.47729],
[46.34624],
[34.507023],
[63.03261],
[70.557686],
[31.504658],
[42.86401],
[68.29171],
[20.062174],
[62.952217],
[16.89996],
[71.62669],
[15.584778],
[8.851533],
[69.43045],
[69.851204],
[23.68243],
[59.437607],
[14.464538],
[69.0615],
[19.031052],
[18.73506],
[25.422148],
[6.6929836],
[39.80556],
[71.990616],
[11.658053],
[60.633762],
[61.765965],
[60.244038],
[17.84403],
[39.689816],
[69.1896],
[71.70527],
[29.759678],
[53.70362],
[45.845623],
[31.814425],
[37.647182],
[49.558674],
[54.237198],
[25.471941],
[39.205555],
[65.53096],
[42.641235],
[66.60019],
[18.093046],
[33.88549],
[18.352766],
[69.01436],
[33.85996],
[43.090706],
[14.102345],
[69.74242],
[65.34159],
[8.202446],
[32.287163],
[69.40736],
[10.608312],
[18.087107],
[47.272427],
[20.382317],
[8.485358],
[5.73393],
[69.84547],
[49.02691],
[11.3021345],
[45.544544],
[63.773533],
[42.184986],
[45.600857],
[6.1197386],
[67.75226],
[44.528473],
[19.204649],
[70.29789],
[61.658634],
[6.110592],
[18.777401],
[19.616692],
[53.006374],
[17.178965],
[46.03268],
[29.984333],
[65.06947],
[8.258892],
[19.296726],
[64.67411],
[63.436943],
[64.43751],
[66.14216],
[43.87756],
[61.898136],
[69.345436],
[66.0143],
[71.84955],
[20.483131],
[62.632023],
[18.052816],
[26.04782],
[16.41592],
[9.995826],
[71.59889],
[35.718296],
[69.15848],
[18.287601],
[67.28165],
[46.310265],
[11.330075],
[13.707724],
[30.316727],
[32.11928],
[43.90921],
[64.28931],
[45.59844],
[24.926504],
[7.896269],
[25.739416],
[38.1541],
[10.430009],
[39.336563],
[71.73224],
[8.5571785],
[69.98369],
[22.38502],
[19.540003],
[24.152372],
[27.991392],
[17.144876],
[46.370537],
[20.732443],
[71.58239],
[21.999994],
[65.173096],
[31.797968],
[45.815933],
[66.45157],
[45.66421],
[68.4922],
[6.2729216],
[23.89339],
[13.114342],
[60.16388],
[69.186646],
[61.988106],
[13.226022],
[12.039253],
[34.18983],
[7.04243],
[48.132885],
[24.939316],
[55.400425],
[23.06871],
[19.316357],
[9.899748],
[59.80517],
[69.829124],
[29.940073],
[20.370628],
[38.63911],
[60.68162],
[6.49345],
[49.944317],
[11.995933],
[21.56236],
[43.33758],
[26.977352],
[60.250553],
[5.919198],
[45.899944],
[65.37658],
[7.5303783],
[8.191442],
[36.13804],
[16.760221],
[20.485699],
[47.560493],
[66.58516],
[20.224266],
[70.6917],
[69.77065],
[56.685688],
[22.32944],
[42.657177],
[12.740206],
[10.808108],
[67.82279],
[68.7297],
[28.088957],
[14.571187],
[31.89133],
[63.37724],
[36.332005],
[37.85265],
[46.27284],
[7.1492085],
[69.677284],
[10.558294],
[31.268606],
[67.49427],
[30.609587],
[49.869984],
[15.777265],
[44.5361],
[67.47516],
[36.070835],
[20.903696],
[20.229103],
[67.68029],
[49.130707],
[41.490692],
[13.414495],
[37.413795],
[63.036648],
[31.120607],
[10.303891],
[13.069257],
[62.30025],
[30.248676],
[68.4922],
[43.76319],
[22.557901],
[31.381527],
[9.165517],
[20.825245],
[63.15689],
[15.05978],
[10.066255],
[32.631893],
[13.936341],
[69.21978],
[61.388317],
[48.52431],
[64.21077],
[7.233686],
[15.979444],
[68.11738],
[45.457264],
[29.925177],
[29.191854],
[23.160639],
[65.18113],
[25.604631],
[65.43683],
[51.337856],
[35.96097],
[42.180866],
[44.266605],
[34.26237],
[16.193699],
[67.60853],
[46.0655],
[67.362755],
[65.43574],
[65.10346],
[24.111683],
[19.82931],
[67.29731],
[68.87345],
[45.7718],
[64.27866],
[51.65002],
[16.197037],
[19.99674],
[28.505596],
[42.737694],
[14.060993],
[31.592485],
[50.148613],
[25.688757],
[67.164085],
[18.871504],
[37.77956],
[66.06938],
[27.08088],
[20.206984],
[71.35635],
[59.56601],
[41.060425],
[12.898133],
[68.23887],
[63.74081],
[7.1554737],
[31.188406],
[39.89098],
[12.538681],
[26.700703],
[56.629967],
[69.6074],
[22.918207],
[18.106928],
[42.43063],
[6.563718],
[68.70584],
[68.03002],
[20.532614],
[15.1008415],
[9.79159],
[69.79228],
[19.741007],
[11.804221],
[48.16049],
[16.431534],
[38.57246],
[55.786293],
[9.65073],
[33.811344],
[44.134926],
[37.613316],
[42.58778],
[24.649248],
[16.540312],
[17.60209],
[66.34664],
[62.432487],
[69.41093],
[16.508936],
[40.68179],
[63.136208],
[43.824703],
[19.954885],
[70.55898],
[46.047268],
[60.762333],
[18.397264],
[60.271404],
[46.09611],
[9.656659],
[15.156845],
[34.730244],
[57.814],
[68.956184],
[68.43229],
[27.494663],
[21.088617],
[25.082289],
[51.3473],
[37.73406],
[6.900839],
[17.753773],
[56.292847],
[41.0268],
[16.854797],
[20.651274],
[6.554617],
[19.743364],
[68.72165],
[11.01364],
[68.1523],
[50.477577],
[14.91205],
[31.982822],
[39.73363],
[64.49111],
[6.334599],
[21.248812],
[28.187632],
[34.238403],
[26.623705],
[27.146538],
[8.333625],
[49.278442],
[56.151184],
[11.753255],
[11.741743],
[63.790882],
[13.506668],
[56.359974],
[67.13517],
[47.618195],
[8.174179],
[38.726044],
[34.872868],
[36.59763],
[56.917484],
[68.73156],
[29.373392],
[31.153135],
[6.7313547],
[69.58379],
[68.829895],
[26.502817],
[47.383297],
[71.208984],
[54.802944],
[71.558586],
[14.518281],
[54.086163],
[17.914503],
[68.77784],
[9.69845],
[6.7264533],
[23.415854],
[45.528793],
[47.05801],
[12.348885],
[71.39386],
[69.20963],
[18.65262],
[70.51661],
[69.376625],
[41.898853],
[62.140022],
[37.420498],
[45.93729],
[7.0014153],
[21.912502],
[5.780154],
[65.70992],
[35.98884],
[15.2666855],
[71.15501],
[40.086864],
[71.34189],
[51.555367],
[15.663426],
[69.06567],
[55.09444],
[59.351883],
[71.1842],
[19.424078],
[19.382147],
[48.665855],
[46.30241],
[71.32093],
[71.331055],
[66.51437],
[38.55353],
[29.111696],
[65.94044],
[16.72293],
[46.03199],
[68.29021],
[65.816246],
[13.201227],
[53.252163],
[64.71803],
[45.380512],
[60.219723],
[6.815819],
[14.394816],
[69.271255],
[55.1794],
[34.402317],
[34.6226],
[13.925826],
[25.019842],
[35.724445],
[69.22012],
[46.178383],
[20.163877],
[11.961011],
[71.40345],
[17.108553],
[51.315876],
[10.087826],
[69.52464],
[15.75899],
[46.392483],
[17.30829],
[45.367718],
[69.16292],
[31.450909],
[71.09864],
[70.46811],
[47.911137],
[22.564363],
[53.66602],
[38.22476],
[13.173145],
[24.348543],
[36.202965],
[37.664875],
[46.634666],
[71.18835],
[14.992703],
[58.27235],
[34.392273],
[40.741276],
[70.35391],
[13.708325],
[52.43597],
[71.775246],
[66.07653],
[11.949871],
[67.55009],
[16.399479],
[10.690335],
[45.587055],
[43.9744],
[62.717625],
[10.413712],
[6.656779],
[56.824722],
[28.64094],
[45.59888],
[67.74758],
[17.242105],
[5.931326],
[9.992526],
[34.273136],
[13.315955],
[66.51354],
[48.34729],
[70.16596],
[69.32954],
[22.488462],
[14.17666],
[37.5926],
[67.187386],
[66.20367],
[67.2625],
[16.33572],
[49.387947],
[68.68905],
[30.751951],
[18.444439],
[69.301994],
[6.814991],
[6.5283194],
[32.689777],
[70.07633],
[50.59712],
[45.664604],
[29.274443],
[58.955254],
[10.025444],
[52.74401],
[69.64248],
[22.381714],
[8.163887],
[44.90858],
[67.36919],
[36.884182],
[24.394497],
[19.706263],
[11.462691],
[68.48852],
[67.901726],
[51.322086],
[10.939454],
[70.10435],
[61.616886],
[30.587317],
[18.245897],
[8.525997],
[22.287798],
[42.53838],
[48.5367],
[70.38947],
[17.34894],
[7.5472207],
[7.12263],
[68.11323],
[51.96196],
[44.886803],
[69.76747],
[21.167604],
[30.946375],
[65.35801],
[55.511917],
[43.76278],
[61.7504],
[43.131187],
[15.483209],
[18.029245],
[34.564194],
[18.05465],
[68.06327],
[10.046567],
[19.574785],
[50.13219],
[36.770973],
[63.39098],
[17.966911],
[64.22242],
[42.00661],
[29.736113],
[20.57766],
[40.77136],
[13.205387],
[31.554796],
[62.50734],
[26.783031],
[14.125562],
[46.453564],
[71.20702],
[65.86324],
[70.76673],
[24.471642],
[45.630333],
[49.754543],
[44.12654],
[7.9571457],
[71.41416],
[44.926662],
[46.704212],
[61.828423],
[43.926464],
[64.97265],
[20.495708],
[68.62641],
[16.7825],
[68.62365],
[11.202438],
[48.28201],
[68.07229],
[20.716242],
[12.046933],
[37.706707],
[40.805027],
[23.900814],
[44.42098],
[36.45794],
[17.788633],
[40.14269],
[66.86384],
[51.936317],
[64.035545],
[11.902568],
[67.695946],
[15.194697],
[34.165592],
[34.545837],
[62.34625],
[71.958725],
[69.50104],
[28.19458],
[51.10265],
[38.192448],
[42.294514],
[14.324995],
[58.281162],
[60.374695],
[45.594387],
[71.95867],
[35.767853],
[17.743637],
[69.53956],
[7.851486],
[15.4812155],
[11.693435],
[19.060984],
[47.61241],
[17.618488],
[28.138159],
[71.71759],
[44.659855],
[14.896957],
[67.51712],
[12.605527],
[32.34689],
[37.77846],
[67.16873],
[14.968877],
[67.958374],
[64.02342],
[67.78604],
[61.13551],
[26.91922],
[25.274544],
[19.644457],
[22.942024],
[65.4947],
[31.690798],
[53.018475],
[23.597445],
[9.676198],
[54.953957],
[58.39216],
[24.56914],
[5.4758573],
[34.400402],
[46.49914],
[38.10025],
[19.972162],
[6.828994],
[52.105366],
[18.95216],
[26.307388],
[67.39221],
[17.559969],
[63.589863],
[66.73853],
[31.303831],
[12.182944],
[46.69405],
[70.69863],
[70.931946],
[13.657874],
[38.985554],
[50.83792],
[47.83522],
[20.203718],
[66.08831],
[6.701891],
[62.573338],
[28.819794],
[67.15177],
[69.74204],
[46.16136],
[20.800196],
[12.053071],
[56.48526],
[60.922245],
[69.48049],
[28.49462],
[71.72631],
[64.52209],
[20.04688],
[56.736126],
[54.668606],
[10.2093315],
[6.4322248],
[37.949017],
[43.548973],
[42.22108],
[11.5356245],
[67.663216],
[67.29354],
[7.610686],
[8.841292],
[18.397135],
[40.981583],
[23.463812],
[53.815662],
[6.66364],
[17.30334],
[25.912886],
[32.776318],
[71.91464],
[7.615629],
[25.9494],
[25.353039],
[5.978008],
[22.164705],
[21.047588],
[26.905336],
[64.49601],
[32.632282],
[24.733929],
[37.344616],
[31.28331],
[29.893888],
[5.961655],
[46.465744],
[11.88014],
[14.861152],
[43.91933],
[15.234726],
[69.16521],
[17.56745],
[18.130344],
[22.823467],
[69.49716],
[6.5627747],
[61.909214],
[46.3022],
[45.72835],
[40.07681],
[20.86656],
[33.18616],
[68.513145],
[10.863042],
[36.64226],
[19.178762],
[68.638405],
[68.71733],
[29.684072],
[5.9029074],
[15.465418],
[48.05008],
[19.920042],
[71.97321],
[41.526558],
[66.89625],
[7.762165],
[68.51755],
[70.03109],
[60.56841],
[58.142284],
[6.711006],
[37.30077],
[62.666775],
[68.29712],
[27.786179],
[42.100758],
[52.050014],
[6.834538],
[71.6],
[35.51798],
[43.981575],
[17.097006],
[34.556072],
[41.488255],
[12.664926],
[29.54387],
[19.657286],
[5.857497],
[10.120538],
[69.77942],
[39.330658],
[14.010277],
[39.441753],
[58.0187],
[43.606777],
[22.348003],
[64.730934],
[26.143692],
[20.744314],
[19.139215],
[48.41213],
[70.193535],
[45.670216],
[13.971137],
[13.437252],
[10.112373],
[22.757061],
[67.67886],
[70.7259],
[31.100185],
[13.93674],
[18.595507],
[20.423454],
[29.223312],
[67.196175],
[28.778608],
[22.083105],
[18.12033],
[11.406788],
[42.584373],
[24.908655],
[39.057503],
[60.503216],
[60.12399],
[51.341663],
[11.753438],
[44.020916],
[52.93637],
[21.587109],
[41.72179],
[69.43761],
[13.297696],
[27.087145],
[9.906373],
[66.85083],
[14.869748],
[15.849811],
[25.329647],
[69.08134],
[68.489716],
[18.056192],
[49.047092],
[28.706364],
[46.6197],
[59.6494],
[24.388823],
[66.75396],
[29.461676],
[53.81796],
[25.551771],
[46.671272],
[43.652927],
[38.654816],
[17.860044],
[36.34856],
[58.098484],
[71.3498],
[25.469418],
[62.164577],
[21.35537],
[16.30878],
[69.79663],
[8.482018],
[30.758059],
[10.507315],
[59.18025],
[69.50234],
[25.208208],
[41.943348],
[68.94946],
[15.739641],
[9.585698],
[69.51327],
[64.76264],
[10.0894375],
[66.05903],
[18.464048],
[32.447796],
[35.671787],
[52.590878],
[45.573177],
[38.736637],
[64.793],
[65.76339],
[62.670124],
[45.79601],
[68.204094],
[39.053406],
[6.567641],
[43.90969],
[70.52195],
[19.495958],
[60.58901],
[69.091225],
[38.639385],
[70.9903],
[68.62613],
[31.747643],
[69.74468],
[11.898694],
[17.946856],
[71.75651],
[28.339293],
[70.119644],
[30.18807],
[16.926302],
[16.88971],
[44.438732],
[13.489032],
[20.941664],
[20.37873],
[11.841328],
[13.342961],
[11.853799],
[17.54343],
[25.898104],
[69.70161],
[45.769424],
[60.700054],
[21.249386],
[5.6749787],
[65.65475],
[17.626217],
[8.542427],
[47.080036],
[14.676396],
[59.08573],
[40.391182],
[70.45431],
[13.955798],
[41.23228],
[28.075813],
[68.40266],
[46.30337],
[68.26322],
[49.5313],
[69.18968],
[43.995472],
[69.23921],
[24.08084],
[65.773094],
[9.681959],
[22.464302],
[7.1960897],
[70.77245],
[53.95146],
[53.63027],
[34.27946],
[7.14017],
[17.186539],
[44.12788],
[63.91143],
[24.44444],
[16.616175],
[48.61119],
[45.904663],
[33.345722],
[31.609028],
[16.830599],
[6.9084315],
[68.03813],
[68.52404],
[44.87334],
[56.005436],
[27.96435],
[48.9615],
[67.57318],
[23.735151],
[23.125723],
[23.895885],
[23.379492],
[6.715092],
[41.748257],
[62.249493],
[68.58395],
[36.894253],
[45.90942],
[21.51016],
[9.719737],
[11.352582],
[69.07763],
[67.294685],
[42.219505],
[23.214693],
[19.145351],
[7.811063],
[20.427387],
[23.712013],
[41.719517],
[19.311722],
[10.851752],
[28.231115],
[9.595379],
[45.237453],
[64.875984],
[68.41038],
[46.471596],
[71.11211],
[70.50323],
[34.668526],
[14.096564],
[68.42429],
[69.065056],
[70.87243],
[45.550747],
[17.06375],
[39.701965],
[17.704206],
[67.901306],
[23.580135],
[7.2249184],
[20.011816],
[21.049196],
[53.758812],
[10.186347],
[71.62777],
[29.036316],
[31.300985],
[46.59786],
[6.685918],
[38.182102],
[43.326145],
[22.829287],
[69.60221],
[46.292843],
[40.699047],
[64.61671],
[66.36093],
[10.1024],
[41.180668],
[60.491787],
[67.434456],
[52.880016],
[27.869368],
[13.80329],
[10.950907],
[22.202902],
[10.021993],
[36.79914],
[19.392565],
[71.55307],
[65.03698],
[20.315681],
[33.8448],
[5.9997015],
[29.838804],
[9.94143],
[20.966406],
[11.295735],
[67.7445],
[6.1456213],
[19.582],
[70.59317],
[13.724822],
[15.546341],
[63.62448],
[14.9794],
[70.04839],
[51.784847],
[68.62385],
[56.014133],
[42.57091],
[10.865735],
[41.905678],
[42.25946],
[14.898768],
[17.135918],
[16.467953],
[26.667257],
[12.855136],
[70.70816],
[15.319852],
[25.891233],
[60.467808],
[50.167103],
[71.86823],
[18.978931],
[59.79235],
[8.540806],
[67.616554],
[64.47126],
[51.36973],
[67.626076],
[67.75327],
[32.604126],
[71.04689],
[7.0500374],
[37.979305],
[45.438847],
[46.14423],
[6.9173136],
[25.29199],
[69.14568],
[14.89137],
[71.978874],
[16.810003],
[51.537052],
[70.95741],
[21.932325],
[47.500736],
[45.79789],
[55.763554],
[61.21961],
[68.31052],
[7.6591825],
[48.3885],
[69.586555],
[58.240265],
[45.481842],
[69.61334],
[43.94231],
[45.504444],
[18.613163],
[23.483555],
[31.504704],
[7.7967043],
[67.74177],
[28.284895],
[46.62612],
[16.279686],
[18.825647],
[18.415339],
[69.27945],
[37.591496],
[69.5313],
[70.6264],
[16.552229],
[14.031376],
[14.939502],
[67.51545],
[61.492134],
[25.486517],
[31.90826],
[10.075543],
[66.34322],
[27.562376],
[24.803015],
[69.54417],
[20.460066],
[45.13869],
[68.383995],
[47.113014],
[40.399807],
[23.412846],
[31.700306],
[10.084843],
[45.589348],
[25.32091],
[44.54605],
[50.01729],
[34.46676],
[68.73275],
[38.580875],
[67.900505],
[19.025213],
[14.739764],
[46.0538],
[58.884308],
[31.657839],
[61.510372],
[37.30077],
[19.371258],
[69.73359],
[45.274826],
[60.879242],
[62.909286],
[58.279552],
[48.060337],
[19.869379],
[45.28525],
[62.239025],
[53.887882],
[41.894947],
[29.26494],
[66.600334],
[29.407627],
[45.478024],
[71.01826],
[60.588688],
[45.738514],
[20.59104],
[23.270433],
[69.37813],
[6.474156],
[42.883755],
[12.879528],
[25.49584],
[39.743114],
[30.754763],
[8.559651],
[48.43468],
[65.129395],
[20.478895],
[69.113976],
[26.648224],
[33.03982],
[27.620562],
[69.23705],
[50.486485],
[69.45228],
[14.142742],
[14.08187],
[68.028206],
[45.45397],
[68.1302],
[45.596523],
[33.68688],
[70.2072],
[68.37147],
[71.33406],
[48.492836],
[52.512978],
[67.84228],
[67.59558],
[66.34964],
[65.91427],
[71.22082],
[53.490913],
[19.945494],
[63.541126],
[69.75605],
[25.02279],
[35.51199],
[34.624752],
[10.032301],
[22.26845],
[38.792114],
[21.893238],
[28.310114],
[66.56642],
[37.065746],
[15.715513],
[70.718094],
[13.495211],
[18.142715],
[19.171335],
[21.496096],
[39.491627],
[63.28213],
[69.728584],
[65.60826],
[6.5434394],
[63.41203],
[70.03288],
[67.27976],
[68.63095],
[17.805735],
[36.90273],
[38.251198],
[62.9387],
[69.640976],
[68.57467],
[23.949244],
[70.56536],
[30.291294],
[66.42824],
[11.27983],
[25.584227],
[10.067617],
[68.911354],
[36.300865],
[35.40551],
[23.549759],
[23.48598],
[47.151237],
[46.312077],
[45.09579],
[15.345538],
[17.066525],
[70.16311],
[48.554966],
[23.323391],
[22.475101],
[7.157089],
[5.9225087],
[26.202856],
[7.08101],
[41.801758],
[7.096161],
[30.068607],
[71.27205],
[44.915237],
[44.665096],
[25.610056],
[52.30937],
[13.928786],
[16.018559],
[43.70402],
[68.78196],
[6.9894714],
[69.66335],
[43.219685],
[8.458985],
[69.49741],
[71.75469],
[70.821495],
[68.6537],
[22.791843],
[17.65677],
[5.8968573],
[69.28946],
[40.00205],
[43.0572],
[46.406612],
[9.830361],
[13.784734],
[46.154217],
[55.932037],
[31.32817],
[68.539085],
[12.70062],
[61.23662],
[65.19364],
[10.179203],
[35.32959],
[68.69979],
[25.153381],
[23.451696],
[18.951391],
[30.259375],
[66.27976],
[39.248585],
[61.57426],
[28.47925],
[43.37225],
[46.79537],
[40.055454],
[10.483668],
[51.705585],
[21.572893],
[58.185593],
[69.02125],
[31.102503],
[7.5978885],
[10.858106],
[70.88326],
[19.89934],
[13.354308],
[31.748636],
[46.744358],
[14.290954],
[62.50941],
[54.264187],
[62.753532],
[70.300514],
[17.835962],
[53.41966],
[34.125484],
[38.89007],
[40.268463],
[27.363823],
[23.435839],
[66.9751],
[70.17841],
[29.759678],
[44.119625],
[15.625593],
[13.965686],
[25.303112],
[62.467693],
[18.18284],
[47.080036],
[56.113136],
[19.68973],
[66.59441],
[37.13396],
[31.71724],
[68.74111],
[46.91164],
[65.271454],
[70.98911],
[34.26991],
[8.319526],
[11.125808],
[16.907827],
[59.57118],
[13.090706],
[45.647797],
[71.330696],
[14.280492],
[69.90363],
[39.916317],
[46.28964],
[38.174152],
[67.387825],
[46.666912],
[56.54549],
[70.17173],
[67.76173],
[12.572017],
[30.892796],
[66.95125],
[27.981134],
[10.293023],
[64.544975],
[19.98897],
[66.886154],
[21.085653],
[15.257148],
[17.852116],
[53.518063],
[13.059519],
[70.10633],
[65.61888],
[60.81839],
[16.554579],
[45.88048],
[19.354479],
[64.64463],
[6.598677],
[54.31209],
[65.11624],
[8.550574],
[25.105572],
[13.934375],
[41.019306],
[25.924803],
[7.137566],
[14.63803],
[64.51853],
[36.26315],
[53.34242],
[10.921128],
[20.942945],
[68.77504],
[18.288477],
[16.368567],
[21.319973],
[33.727947],
[46.536907],
[24.179655],
[52.197662],
[65.42788],
[54.102497],
[30.498245],
[71.656],
[14.670343],
[19.064451],
[25.765484],
[54.483868],
[17.87464],
[69.52882],
[51.516544],
[49.209225],
[26.68427],
[45.75204],
[45.301544],
[68.67108],
[49.217033],
[45.797886],
[71.89357],
[36.04362],
[21.432833],
[27.30458],
[64.97309],
[47.480457],
[7.2544165],
[7.2089014],
[13.9592085],
[69.34182],
[53.07535],
[70.80852],
[44.993694],
[19.970352],
[49.24085],
[30.153086],
[13.989789],
[68.11976],
[18.38572],
[18.432383],
[30.24034],
[18.54844],
[11.665992],
[60.900627],
[7.8062572],
[70.89943],
[34.358936],
[7.2313905],
[60.72727],
[12.480986],
[34.8005],
[22.438612],
[66.3208],
[19.791784],
[41.206066],
[39.84489],
[11.716682],
[9.910026],
[22.340345],
[26.18235],
[60.483448],
[71.73632],
[52.311592],
[19.9348],
[29.711575],
[69.61606],
[48.215702],
[63.17606],
[30.954807],
[34.85767],
[67.82453],
[13.955949],
[27.474535],
[69.07956],
[10.105381],
[30.490778],
[48.670452],
[16.152534],
[35.56941],
[6.484168],
[19.162289],
[11.858567],
[48.996403],
[39.196445],
[50.49672],
[66.90885],
[35.2257],
[42.921345],
[27.953358],
[15.915346],
[26.70275],
[44.249744],
[69.34158],
[65.372284],
[69.24558],
[44.14384],
[44.79777],
[45.558575],
[11.241187],
[7.107835],
[71.86702],
[60.686558],
[71.65503],
[67.83559],
[16.712156],
[50.731342],
[55.958973],
[33.03333],
[6.750001],
[20.620155],
[68.71664],
[70.681366],
[70.5726],
[62.647617],
[39.74383],
[17.538404],
[48.506264],
[19.604162],
[60.310593],
[60.123013],
[67.65654],
[34.91856],
[68.790825],
[13.378199],
[7.173647],
[66.982735],
[7.492397],
[16.958092],
[62.414726],
[16.44343],
[66.752815],
[54.158913],
[68.286415],
[36.684162],
[38.97672],
[69.67588],
[11.287886],
[42.53493],
[18.195684],
[29.63033],
[19.43494],
[28.537642],
[15.447651],
[22.297134],
[63.303684],
[6.8883862],
[68.82637],
[9.870454],
[66.871796],
[10.668061],
[60.071957],
[25.813911],
[12.83534],
[45.62842],
[55.48274],
[46.185146],
[11.925584],
[18.967505],
[17.969793],
[23.867218],
[39.706898],
[67.55419],
[50.9448],
[67.2869],
[42.55012],
[13.558896],
[7.7072535],
[24.73298],
[9.917819],
[36.16429],
[65.84022],
[17.11767],
[67.3437],
[71.199135],
[17.878849],
[63.75533],
[69.481026],
[6.449724],
[68.5134],
[9.955314],
[11.81692],
[45.42593],
[28.298782],
[47.013783],
[23.90281],
[24.829481],
[62.529163],
[45.022076],
[24.95976],
[45.853348],
[69.310936],
[11.3259535],
[65.38668],
[70.92668],
[7.942195],
[19.357119],
[6.750326],
[18.081059],
[62.132088],
[45.749493],
[68.6279],
[25.389223],
[8.265379],
[62.175495],
[67.60686],
[48.389233],
[6.376977],
[16.194365],
[51.832928],
[71.99057],
[29.905396],
[71.62734],
[62.407112],
[66.08718],
[18.245756],
[34.56462],
[7.63966],
[43.168842],
[18.568968],
[39.59225],
[45.132587],
[16.349098],
[54.405476],
[18.261637],
[19.620224],
[68.55575],
[55.38757],
[26.77056],
[27.87068],
[52.60442],
[24.013353],
[44.728935],
[66.185486],
[69.67677],
[31.74869],
[8.528237],
[64.132256],
[32.239227],
[71.35304],
[41.07845],
[13.094295],
[45.502346],
[38.929737],
[52.65701],
[63.006645],
[17.738],
[5.9671016],
[36.03154],
[68.36812],
[42.46786],
[22.340288],
[67.89469],
[23.103203],
[41.580696],
[29.332006],
[47.960987],
[11.961011],
[71.52656],
[60.11882],
[28.705664],
[17.17695],
[11.906114],
[33.285618],
[61.242462],
[69.294334],
[20.388044],
[40.894337],
[69.67291],
[57.122623],
[47.458237],
[19.147554],
[51.30065],
[7.8833094],
[69.00461],
[15.917309],
[14.70837],
[68.267975],
[67.27586],
[67.49118],
[7.9712],
[35.45072],
[32.566124],
[19.086296],
[48.194397],
[67.394005],
[46.023376],
[46.443813],
[37.53671],
[18.526255],
[70.8046],
[70.72293],
[14.770401],
[45.30722],
[60.327023],
[15.631533],
[32.25843],
[40.511024],
[42.153408],
[29.016253],
[52.30424],
[67.58763],
[46.22057],
[71.8421],
[68.633],
[60.831276],
[69.491005],
[61.51968],
[46.31268],
[60.592403],
[64.26463],
[71.58967],
[28.38206],
[36.95618],
[29.384811],
[16.454727],
[21.653704],
[16.769264],
[16.707855],
[34.95857],
[68.687996],
[17.383188],
[13.091212],
[12.876121],
[7.17247],
[44.489155],
[50.480335],
[18.51971],
[37.720173],
[46.385586],
[9.975087],
[69.43039],
[57.103603],
[14.120971],
[50.158066],
[22.421522],
[17.73928],
[41.49132],
[67.783966],
[68.657036],
[24.979622],
[6.386122],
[7.6594434],
[20.023218],
[7.20897],
[39.727158],
[35.57461],
[68.72165],
[36.836155],
[31.803934],
[11.204558],
[61.525547],
[7.8722143],
[63.77635],
[70.76336],
[68.51394],
[20.749855],
[7.580365],
[42.795185],
[45.809437],
[58.637497],
[69.40172],
[12.325673],
[10.142245],
[64.382614],
[18.389412],
[17.849028],
[16.978994],
[45.66455],
[64.53917],
[14.929275],
[46.461338],
[62.11398],
[21.193483],
[47.928394],
[48.183712],
[60.37735],
[28.915112],
[69.3026],
[43.004124],
[26.18736],
[68.993675],
[40.21358],
[17.53803],
