5.6406305912200985,
45.00852542823389,
63.8178136594327,
73.00656301898427,
8.437575062204479,
19.13179810368281,
17.107829168005594,
50.13310118771683,
43.014074826818046,
7.99021339553021,
60.41591333563643,
6.497111825700299,
60.0781476270012,
72.3274295951498,
38.0090198429246,
71.91232816745375,
26.822095973677044,
6.672606234314515,
55.10858681190008,
62.81503635743864,
32.87884222044883,
11.107642495270246,
60.053488024483215,
8.35492495498908,
74.45422527537009,
18.322837389839457,
75.99393324077806,
45.03794539145775,
44.969097332759404,
38.97992765397117,
14.335133151224314,
51.170507742869574,
18.166029437662207,
60.01909170582579,
16.255054454412548,
28.29104386689487,
31.25822108484699,
60.34468502977258,
16.579579234219857,
7.796042966152157,
6.86998333714996,
71.85873859666617,
51.63694117265054,
15.941261193712776,
20.268428224796526,
67.82502981968673,
21.145935284322555,
5.900911614543776,
44.52699537695706,
6.548421481364331,
46.15543187626167,
29.048232328597294,
77.48986899484129,
16.654902645363087,
56.22377251588439,
43.64956558891744,
32.06455057463623,
15.913526671537118,
15.718608815473956,
8.25979750826954,
13.341194519479512,
18.07042533484885,
71.28680620808503,
44.77412208336585,
42.16798778826511,
62.00551711140726,
9.178729176007451,
48.29707099306468,
68.46987293441411,
43.631682099842344,
42.17339041616333,
14.770419645517457,
8.353323100069684,
63.71566377998899,
62.83979339995345,
71.83469475754953,
5.843705648895538,
61.84199581096891,
63.281294078498675,
50.19018152087364,
46.79244160309078,
68.72657436957452,
5.938220723003824,
34.904994680404414,
64.85954823835468,
39.101481447709745,
20.752659324915932,
8.611924666267026,
58.42302726762455,
12.661940101218992,
66.9276616255647,
48.199687988960065,
44.88480684796255,
33.93539738415157,
60.88662442336633,
8.650823516746508,
41.32091042242365,
54.37915919958884,
28.523228062840886,
66.56749717260735,
51.40324435485982,
4.673768175199982,
48.36861540923698,
76.22427615259316,
47.430298313412905,
38.66365649171493,
17.6959636794945,
9.237745183075571,
18.013311412830383,
44.36198457437749,
65.73511566406235,
25.675125802232827,
21.015120259360355,
28.774142689617342,
67.07035916883956,
44.64021656570459,
71.23822936573914,
36.00541848302071,
69.10190607834016,
35.23108127237458,
77.61744849333132,
28.297204562740784,
72.64189069898002,
50.05138870601908,
59.11493487804843,
19.41605215698327,
16.596280116595008,
68.61045875665104,
5.685897725479812,
58.189527006062164,
24.49013077099005,
31.39315172992709,
13.113961025082006,
63.37486651568855,
40.91665030327729,
12.47223520388998,
50.919855038017914,
23.16812156837061,
68.81678323181582,
30.979683772613903,
13.889046081831243,
44.26541866042115,
42.08374128819548,
23.76055272309537,
72.63207992773161,
54.15065218462331,
23.769084941854054,
13.976375608988931,
41.13199358834892,
36.90581581019268,
45.8569116083239,
29.76265641866539,
45.17528818920117,
72.80001477143142,
8.484403120557516,
15.797332046644012,
30.372499152073402,
30.631962862723423,
15.973746806150922,
42.30227879842343,
65.51556520900294,
24.922181903990733,
48.49391364133798,
59.457724865873686,
20.31399801055223,
41.16480063923916,
13.112202397125799,
6.117112650275575,
18.36603053727102,
21.320360360261773,
57.446090689483725,
29.867146001117554,
69.22880901235533,
69.41951811252545,
68.23274675429892,
20.310325568059948,
10.503489167820717,
63.70702563809242,
69.80684606064175,
76.04083579042519,
14.867534463973056,
65.07689246688395,
63.780538822074035,
74.64657070474952,
79.39968748808933,
41.74775142228026,
13.888466912987697,
6.679485225774723,
74.43739150095014,
60.4513438087956,
18.89581776272597,
20.194854574424525,
35.829577719491695,
42.757177934937204,
52.530571496757176,
63.44246795516406,
17.120872664762285,
39.13197748856666,
41.98716014729028,
63.53337352376663,
46.50812737956001,
22.951105663737607,
64.87434536052503,
45.89172895118868,
45.8240244606765,
47.09142959132322,
74.98898121661263,
35.007371566485595,
69.46664952706784,
63.351840587873426,
57.95660583703872,
72.55640754949337,
22.494812892336803,
37.68161681007166,
70.24989545609664,
6.529281570901144,
17.05668928324638,
45.78576611434636,
33.376309705820375,
48.540521015545195,
65.60943727040531,
49.06605855059087,
69.45299646925481,
54.72338481102423,
25.27224097791737,
12.60404987930728,
64.35672952441782,
14.595796738158402,
46.35104933247378,
47.73121669274033,
15.94610405335188,
52.24855329575206,
47.91876206678859,
20.112591726000492,
45.13820886654722,
31.730509876937276,
42.92531120775283,
48.027020022451524,
48.74409542555843,
31.322242041554187,
70.77542161450144,
21.223280744123272,
17.492304735887718,
18.691197522368654,
14.538549312433009,
55.63995257987109,
48.586378293897525,
48.30687273016625,
38.977773934265784,
5.030024145226747,
53.89378066345064,
54.95264642228186,
19.734839056380032,
28.8325853307974,
67.8976783384187,
43.51818540018873,
61.842644412293296,
44.825691114171036,
6.435822424424964,
44.19700440974313,
12.752513319726123,
42.05066341415191,
50.38722248997851,
72.67795898273414,
52.15679902650433,
65.45318312423419,
26.11129059777239,
19.409131057343675,
70.51763968038303,
74.67267543178825,
56.55220630276003,
17.378474807742755,
48.346576582613636,
42.04942383744471,
58.8679367438468,
16.379511758329528,
17.028924209671274,
12.298976969604325,
14.538404855739532,
69.57687177150923,
69.62880541760936,
16.204687737279816,
73.29187195082953,
26.336743386322176,
64.40990003376108,
23.130523001229747,
26.907624304400127,
16.655269922328834,
33.27070263941581,
44.08266021338574,
16.266153662576773,
18.386973076258627,
7.999383767712078,
16.664364930846347,
19.842973405096362,
16.82659140558559,
9.306476676864111,
4.5325057336494226,
62.87686976144502,
52.98791953941962,
74.50154196569433,
51.30338997846145,
5.539122175162653,
19.159518197001688,
62.20733121263443,
17.82660502996206,
66.7744336378262,
44.81854334650697,
8.202195121316297,
70.03801546024793,
42.44515486106759,
13.975327958329341,
66.82265162254214,
45.65177791890759,
48.560002171364516,
62.69667614137916,
67.34025703967885,
64.76624879709664,
60.28160506577659,
11.722152716644132,
28.603028394817347,
11.513817142377384,
45.914822439923256,
30.811502771406463,
73.2322531394935,
77.43517506183626,
67.99837017953699,
6.188469572523741,
54.12656841916598,
64.55622522108516,
17.906946926535397,
34.60723928067378,
48.884407032244596,
19.1831764718789,
52.06636852748714,
30.417632249662557,
49.823328444796644,
65.73566511187293,
47.74937860988318,
70.40667239890406,
50.423203350548945,
46.44003802596093,
20.49246238950095,
70.59205075318407,
33.926047245361104,
22.737110365466155,
8.315463556923238,
60.573220416850916,
19.969194934989098,
17.642575535131968,
32.63904697592021,
48.5124184334135,
52.854673096569485,
15.12681595501065,
34.782868079037044,
42.3308756280105,
10.963298676319614,
38.00528684610187,
38.2529316730683,
8.313955943825576,
39.902394174634054,
14.677185883729894,
29.24349031161267,
42.167161396042104,
49.59589294520016,
26.714262829978594,
13.149075463954148,
47.79698932759224,
5.530058226248746,
18.34298286039346,
8.862228601309727,
50.41575427986969,
42.174200797170776,
13.626574982615061,
7.807130772816512,
24.138331560202936,
64.96461817784447,
36.31160987337366,
18.480197838669525,
48.354051581525525,
9.626352746461222,
26.17666648591144,
36.57850564890738,
33.651297486718974,
8.887142953083885,
35.26809965279939,
47.73711057973357,
39.21419960686981,
65.38570507826238,
75.27262068182694,
70.64624025395743,
8.451032920481934,
15.181627549181776,
13.783281011160115,
25.932074399214322,
10.89155073518495,
43.077511289050406,
74.71406244746233,
36.409156261226244,
5.149206564724732,
33.00777175485793,
37.840481938656154,
18.4012252516929,
49.59022167679548,
23.308865157924274,
13.873716011168053,
4.998678603070541,
70.84810272656645,
60.42522852705099,
21.226833777515584,
17.631669589300902,
60.40323069416506,
42.778974241118256,
6.029795020330422,
16.198409506249998,
47.64848057588421,
26.571514573100124,
44.096731375522495,
29.564989000255554,
47.69338822623162,
68.8893102754138,
67.7141273297239,
70.60471542891513,
22.93555564059585,
13.324036186512167,
69.51245696516428,
63.911323358087145,
45.58733938609839,
27.231357994955612,
73.38042796914525,
4.838069627021714,
43.76178187839726,
67.87534332961367,
24.5078969655233,
6.941076950684436,
68.78727529490791,
63.21567542349591,
71.47929249675913,
69.55838452193217,
19.507880038674347,
51.17051958749316,
63.26719844770308,
70.13268851775942,
61.741970206778575,
47.92690247568049,
68.37392671622227,
19.861147231944216,
27.4044898882439,
65.95897719315717,
41.41990175559086,
42.679601823049296,
21.953563776291567,
74.34456352011908,
70.35267470646454,
52.699022190802154,
49.05875308622025,
74.15189925678838,
11.895802284841263,
18.990728503768725,
16.302333856243326,
65.34616269707638,
44.9196144155715,
35.08940530473271,
66.54687125970962,
67.27847825643306,
44.22434816909653,
48.224522257897476,
34.453338407465495,
59.51421692453708,
33.04077366253112,
67.99036728270545,
53.127574743846836,
53.07384853119848,
15.197045607476825,
44.392469721153816,
6.223999343400703,
68.68992892440313,
35.90129306343176,
37.602387941923425,
18.141737603189416,
47.00967831956332,
70.46249451765593,
45.97150318366137,
76.49284493352347,
72.4513428922803,
69.74250047507974,
34.08044570125409,
45.24185699585784,
67.44643023683813,
20.062254214639253,
6.24889563301408,
45.6184815596675,
49.349139499854985,
61.62693389893772,
12.454916188054316,
65.62426985166148,
24.21999515797161,
16.759560544976566,
70.01310551616311,
5.842539188367711,
17.07705285519196,
60.25724464828804,
12.605829815631026,
64.2506907803518,
71.26559573376827,
36.05660623804526,
71.60659219706575,
70.27246977131956,
47.14074739369998,
36.54952492563004,
19.339187079698654,
21.197477813573215,
40.3226457372097,
19.208709039121118,
48.53384389235376,
42.218963731414156,
74.28272913237414,
23.332541288513948,
36.4812072908648,
8.395570610363567,
62.82477770798731,
64.44994585302233,
36.019546968293426,
60.19003365679529,
6.687062492678209,
18.251155581633157,
69.91236822412903,
45.98221927258169,
43.72637861468176,
49.933154253284,
49.554689287728976,
73.67474770707595,
10.897647413083877,
67.20260419307765,
49.14485396776605,
41.95937415187452,
31.84843111525556,
52.96375535202935,
37.96115915168674,
62.36710208794612,
66.04274503343834,
67.5274629949209,
4.947054650666757,
72.37068256990794,
19.416529361595806,
67.30935453378669,
27.027309011265032,
49.50503678593087,
41.21859823038838,
74.85865833064257,
11.394786832187735,
34.98500999106534,
52.468189033539886,
75.95634617568109,
69.3509279874109,
23.42632305141577,
78.66688499654887,
70.55031430647796,
5.818326830664246,
41.286580012958666,
54.53394714965269,
63.723774589857484,
60.71776164049716,
75.02954798972335,
17.180925882447504,
30.542177710068128,
75.5925451511255,
33.8570699961672,
61.64956667143217,
27.927615813151423,
48.360903980316806,
71.63148965551902,
26.679226552225405,
11.38917586324977,
20.1188821325615,
30.623155912399984,
71.31121515993345,
43.05325610659282,
9.068221933645178,
6.584903180384669,
36.359123789009374,
26.076714225060325,
22.580121539509566,
70.97622384258834,
47.10770909609796,
67.96319963920558,
68.06571033835436,
8.425951955213701,
46.574730060019235,
30.06426191530389,
66.44562272243223,
39.019484607183145,
22.872632094125336,
34.91071654231032,
14.269552942059253,
18.64772596613049,
6.193941497786745,
18.10467216351853,
72.71099375048361,
50.45795912789755,
66.64742111325762,
24.145314217833675,
49.24799542184377,
32.69945816341561,
60.698840243701156,
67.89924341590483,
21.605080058197043,
32.28565920636886,
67.10979737566868,
64.34449542051783,
23.919810258170752,
36.12694110678816,
33.06196698250372,
64.01959524776886,
44.96019151626973,
63.57121137157617,
68.82989446642782,
65.88447061683368,
47.6039942119196,
67.79081323931337,
21.0467795817236,
55.60711203937592,
61.860159440973945,
44.56502708463377,
56.25135467207406,
28.381153480480815,
23.11005785145033,
76.38577798501619,
23.608835528629047,
70.16345445373244,
45.43225753493567,
33.59042147672298,
23.651089441206736,
22.07411691705387,
8.550691518395663,
19.864846808917225,
71.88234662683658,
7.5391202467552665,
14.382452869523348,
68.73536417854135,
25.290292483101027,
68.01634273905727,
7.644844357748239,
73.31907895366895,
68.66918225069985,
8.389114398015987,
10.716735415852153,
74.61580105457277,
64.3488499785166,
32.309908645310095,
7.511386606368219,
31.8489173272829,
64.99421926106396,
33.825989101065375,
64.98320157531064,
68.91305151445327,
7.275912228849019,
35.35961181213967,
70.74196041123592,
43.76590046242423,
15.428207433940134,
15.236801856029384,
17.56551205096792,
59.634157233891116,
17.013650761868345,
68.48989149095821,
11.370214884987615,
70.49804845382491,
43.222872336517796,
59.77086807355592,
74.53592782398522,
60.484801290178865,
41.02771799457771,
4.972927267453436,
23.12668327670454,
17.82491495569436,
66.54555733550932,
8.75748711454748,
65.05640748891715,
64.05492151151763,
67.41496145594597,
72.51409342662411,
69.58857110655765,
75.28577268472065,
72.94858788842265,
28.657459336043495,
66.69185593819977,
18.75493141265929,
68.35741409477677,
18.210954928927418,
68.310879173703,
35.427297112368976,
69.03254182957353,
79.53879117299165,
33.232354348831166,
75.74862637729302,
21.03173386905991,
44.552988883490556,
46.63726980199782,
60.10666414144126,
73.92674057257936,
57.69744678304883,
14.556174398622503,
17.904344099512087,
66.54769055801232,
70.24043799935295,
33.390819927118955,
59.90895659067657,
62.30503908673634,
22.421819840036363,
58.66878827170608,
45.054673552993926,
17.53285587594224,
75.40635904417472,
4.814854872167887,
63.67195868103995,
72.67157427498155,
21.771153380918552,
46.40662814975613,
15.303385990084726,
60.589172392098405,
5.925469539369111,
29.91528446599008,
47.503783612615635,
26.4836163483787,
25.0021582801525,
68.99543699466587,
49.285140265990705,
38.42771670261055,
48.637722221521315,
44.25872149761438,
66.91205235145539,
12.628973558536924,
59.12080401952825,
36.75230003334174,
9.246951716233802,
69.49219756623268,
32.41103418575939,
15.978522816414669,
39.692957162080035,
17.348558934107363,
11.356864875663424,
30.882875582982937,
28.687323960373718,
12.796858849980229,
42.191173231980024,
26.650269561650177,
28.06517052176294,
65.45761496177549,
63.77795581835085,
41.48115360230207,
42.38057714872356,
67.18184245626112,
63.888466659460235,
10.596670341145494,
14.430639766905308,
74.78483025677441,
48.84691003775764,
73.02344341651134,
21.136114882543282,
66.60202278262267,
46.77135294998408,
48.26261828486808,
43.260159223042564,
31.73341918736391,
63.283188750404506,
53.33259112905371,
46.16103506882597,
18.057371789787304,
69.7079694754499,
10.135258539208245,
59.734967953233834,
25.470821184815048,
34.10838114143775,
13.872060350329981,
54.79127462143008,
48.63825240104144,
69.36764007088652,
10.112275240307897,
15.761876570468068,
51.31680943782432,
11.468056181096284,
63.25825101975671,
47.047456590559094,
69.66269033404815,
48.37029740464797,
8.887142953083885,
16.470661489620365,
62.801922171954146,
15.187003550140231,
55.99472135857117,
59.71014834168642,
47.92469363317959,
67.38268052626123,
63.30184448365226,
8.098422036112911,
45.447607404101774,
14.01949066363235,
45.71684146065634,
11.638326484233868,
8.257080682948876,
66.68911814175395,
41.6782596322,
17.295485882772052,
40.09636161656762,
62.83859839608486,
34.896993840855146,
68.82313715944011,
42.367368858299365,
12.81462504451348,
43.81727454376811,
8.110711251815363,
71.7065516012704,
52.06879999155953,
50.295645334850704,
54.51660111730851,
5.465204883405352,
5.502675689830653,
45.27411988100602,
41.041009685075224,
43.585585662930995,
69.65783442437505,
45.15944620749111,
22.325373051470912,
45.187789433380004,
59.62988357640988,
62.75860713892871,
21.594266703397842,
49.139949825832545,
30.897396306511734,
42.48318844001097,
77.08921063393409,
20.428775972068394,
35.16450172396581,
19.275225074242083,
38.957849314325514,
8.035775593523178,
47.267716805060346,
68.89388557733066,
66.934523009181,
53.753941687073166,
42.484505364091916,
16.83003327145597,
46.807810313543996,
59.254966242133335,
31.851958441354526,
54.147237205773564,
67.43550746543495,
41.498620105468746,
14.64292914689245,
36.96796757281898,
49.757704369392286,
14.24317882865289,
46.01786339286947,
8.099947111864775,
61.05143953759591,
45.72828066566231,
71.38067181154325,
21.006287421838366,
12.738560386147782,
62.73447711206833,
49.60929321740508,
11.408246058442039,
13.700133684352071,
66.77461634919393,
36.55358357267123,
41.78230698161554,
9.054334041077762,
57.36424834512549,
47.867996624429324,
42.551545535710176,
71.44714744975272,
60.615368707393074,
13.759403190752474,
55.045242701109785,
18.1487771779326,
10.891808174641287,
68.85245732250945,
36.349979753754496,
45.568643555507535,
70.24036954581888,
22.79935989443291,
61.45413509117111,
66.93657986189163,
32.77370072773839,
43.621086752985065,
65.82941394718769,
71.2171105998598,
36.17981152606772,
67.8773466697236,
21.214690659749554,
50.063773483900505,
40.62823136826712,
70.78274592602928,
71.76887302954589,
16.745393984628624,
28.38755734990366,
38.08160555803394,
35.410238397155695,
36.233065043720096,
17.872696618368078,
26.972073866987405,
6.121407306258155,
18.166980117157316,
49.87504040586417,
18.588282740443077,
24.435709763252863,
47.749537401487174,
70.0682552409208,
38.471127512888025,
66.04280556134592,
65.3075254694559,
69.82959628733512,
54.81327673790362,
9.875107407958378,
61.82564278864261,
6.623014911827035,
49.62311665431886,
47.03553978358934,
70.43854675024171,
20.51246586233913,
63.66228772016619,
53.32895563872289,
45.02940453194874,
5.560159637269841,
27.40222003692867,
62.86494198661697,
34.72728503566445,
62.65961876936716,
72.14993244840596,
37.22547671689088,
70.61652379335258,
66.78054153003768,
47.14084273796814,
43.58505788684795,
40.269903470543596,
65.28975927492264,
34.88845578543297,
62.7961903729841,
40.36798909245366,
41.185320567236914,
38.32161816838034,
78.69463797664919,
16.427450685946862,
10.55847876291071,
49.830303514922406,
39.315846795271625,
60.23219319793927,
60.275361184616514,
24.1138175599564,
60.821550273352756,
18.318580432718452,
21.57244374604626,
63.52907647391815,
52.768925441246765,
30.239417873168904,
42.753250583579245,
44.39115818090974,
27.028331468603543,
29.982310922366345,
31.516594486322294,
19.086210395000897,
8.93123451640334,
39.63971828148196,
32.24665292567965,
5.199489650509651,
59.068639655867486,
25.111968196306375,
25.425616894018976,
22.87829779888503,
43.95633315791113,
48.312197337582276,
24.263541519640263,
62.38934690520938,
15.13204666986045,
19.139337386807316,
22.194583190039538,
27.002125938130213,
24.145038626432,
16.995645866077545,
38.75067794311589,
63.0083464964971,
5.625028106543432,
20.153300211400822,
46.07995643069552,
52.22884863764345,
70.11659453741622,
63.82269685460194,
47.63832677800988,
35.8457633283571,
13.840166070286838,
17.18914445373141,
54.14581790678167,
39.464415712062916,
53.79979604260282,
8.918301836837099,
6.2209399140675545,
11.834454641428348,
71.0973113595796,
31.856681611522305,
19.14575942469765,
9.002778166933487,
50.17874491318749,
8.614130103903463,
61.67448431579737,
29.6308963273099,
49.0658473873723,
68.90987082375388,
27.207857804712013,
63.04664886223949,
67.9024515338467,
8.11480909571064,
59.08429130393739,
21.728571550383897,
10.618003445433423,
14.247898128063648,
6.019652900137638,
9.680117159647967,
45.846710798364526,
51.75699002173825,
41.47029488187607,
35.46625314679014,
16.34291692112819,
63.42552232916832,
53.54101360161866,
53.01467057900379,
43.94347159102821,
15.89822698714152,
67.3116937532659,
21.402536846497263,
6.071322151716967,
70.62715110645642,
69.60485943479955,
44.839707754708186,
22.77589663183771,
46.05845338515219,
71.96665720923195,
71.06107245507397,
16.841599277067747,
29.36419776720098,
32.32172680135025,
73.80185825555235,
37.30086011365841,
66.48935005055851,
60.57842687370707,
64.66764730772223,
14.562937859476417,
33.13072775834695,
61.86243780468716,
13.38118231270851,
56.26075819757591,
8.021096859382492,
8.344229032603426,
14.60223694084246,
42.20237223475915,
67.53044395227106,
45.77527610714806,
49.74817318627301,
73.37220305543116,
44.956341517302306,
70.94468022103797,
69.78878305314824,
43.59510368063238,
23.210774763478856,
19.14080623454879,
30.054654569096524,
44.15637444218658,
52.36297914063188,
24.10100046297135,
8.007979590063462,
54.403946741955394,
63.979325320507044,
69.31277128735829,
10.776589867718517,
65.19211762622744,
61.032368657507206,
17.74806886634679,
14.68791884630589,
8.204749907668319,
20.79305770406578,
61.47422382151497,
61.15502265901465,
43.797255066005484,
9.76515657326088,
69.62599713127823,
64.3089721786165,
22.740177523804988,
78.02795620773281,
24.661154394063285,
72.6538080804483,
29.879068395452684,
67.47212097989444,
11.472234806386671,
36.89801434830589,
39.39531605311167,
64.98852311328524,
14.93813350407546,
43.65810804916695,
6.19480170360231,
53.278137989974496,
53.72294357603472,
7.884450373254504,
20.7079316102191,
49.577388532317414,
44.09915580528653,
24.871637515294935,
50.30336588129991,
33.89532015979984,
6.701030968843032,
51.91013428335701,
67.3499141894186,
69.36695707358916,
68.79788319746561,
65.56644897340313,
40.81267793935703,
50.29767299934909,
18.61049966142214,
21.339882537898188,
24.489279693621825,
52.4068105562156,
61.45026432353869,
27.091286280516723,
46.66706781479343,
67.3073850609307,
20.58187890924259,
32.26726394833421,
22.1701673955641,
62.788817669960466,
59.7560886874965,
50.390875851731394,
24.11992642334618,
69.04086971066552,
13.212820165494538,
13.106236403995371,
37.21847981912735,
19.117422274600916,
47.09721147521819,
71.32084530575717,
27.777540748895916,
49.5151335943123,
17.7066880646435,
67.42079753312869,
49.244650695519624,
64.5199104948395,
15.071249011199223,
69.05259822783319,
16.690217347125966,
16.34186999944678,
15.721933595049164,
63.477594832012784,
39.454667298558135,
54.57403822239401,
58.1452775253064,
19.65537736224762,
74.33958134394112,
45.40124993399862,
8.227479208573527,
65.11813807110312,
69.00533673173352,
56.363068206799326,
71.07381691829902,
76.73325267097029,
12.376240154975733,
67.95472946613177,
64.25334829277573,
22.01685256244161,
17.860597082590996,
45.56364094103721,
71.22468790012883,
67.93526631785758,
38.48965832394608,
79.41580141330529,
35.90067519947316,
62.3954713852451,
43.62278504857176,
15.46187612323918,
33.91163851688806,
73.89184430613147,
51.36133947004629,
73.17237334730285,
75.71980193687043,
20.797184548402903,
65.97482608606893,
43.14904749840264,
65.14919922295114,
33.90691690198233,
28.44589233973151,
67.19652623677447,
46.53624200486048,
25.00997840485462,
62.39509611615303,
31.85914709573929,
71.406401980573,
62.76531524359986,
65.8818872831406,
27.06339251785279,
45.56586910604649,
18.976818104178875,
76.80069399383551,
41.890368478700196,
26.330875899067106,
57.03256640388,
52.310945101510484,
8.517178759719364,
45.22040555401739,
67.19254996448542,
21.03864198275735,
15.410019056551032,
35.585289719976515,
46.28773768961578,
68.49780808469045,
9.161852231368659,
50.70045225095825,
42.695245933648124,
11.789968535143839,
5.9288375692473885,
70.75017559107165,
69.05317485504855,
15.003013259569645,
65.3615685758472,
51.769287401079836,
65.00890055538497,
66.38876454988768,
16.52418676663558,
70.08032296698941,
64.54416688949085,
14.633275692937968,
14.39051862381119,
48.98687534929411,
59.26652421331541,
14.930566127540192,
65.17106427298522,
18.83813737675206,
67.87638016558405,
21.140510230323148,
15.867540895858628,
23.32770946038098,
18.943922636434756,
46.51396796026681,
69.47501419929883,
35.518222460076075,
14.948282058520073,
48.97822600020788,
25.443370637052684,
67.73905586087882,
45.07243974752718,
54.20062826927865,
73.06518614212268,
37.43807803204055,
39.111469118187976,
5.918318143909041,
16.01534675011805,
48.00653495331528,
36.89217490727728,
26.288248223860535,
49.7886402138041,
73.69535844950721,
55.6146799364391,
30.196076794509384,
71.83758189345531,
62.830827611043546,
21.527355075737084,
26.891229152124446,
63.91899401233319,
47.88448949302729,
19.42898998841288,
5.467351564315532,
61.44584692794477,
50.9485620014575,
47.9999045084069,
17.782842658831093,
27.15584375054407,
47.73892043237542,
42.94923384875668,
42.44178579170143,
19.300861258053498,
42.13095748574304,
23.919087932387665,
62.83536974001514,
30.75207907328107,
33.818712964226144,
66.38313880226627,
18.443746545000337,
14.990891071565256,
65.62710290667381,
48.06440032666458,
45.200052876524396,
14.398984996187847,
66.29152650069165,
8.251507297492328,
14.466391237970019,
45.36694180456254,
65.9593932436666,
65.38625390309562,
16.50164876977716,
19.19054679693845,
61.841453846893174,
52.08875124367408,
68.65516063381146,
56.68874897224097,
72.31282286930637,
16.102398490215876,
39.723574075037746,
39.637638517054896,
5.668377724516622,
10.632202730211997,
52.256174889946536,
20.495339501684512,
75.15685900057011,
66.76685186190413,
21.980975886350777,
38.90684994170206,
63.21472299698743,
20.09718059117317,
64.96798729460822,
16.483574261114182,
6.315190088485398,
33.601935786592925,
34.84505172202641,
20.231445441912175,
39.04340909304028,
43.04301022596657,
14.416636510630358,
10.497612875314708,
51.74421901623887,
35.389158373445284,
24.377597720019264,
70.20159302690456,
52.4286649296387,
43.84231838486616,
70.61922133216774,
8.480689797737938,
12.5111021190055,
60.98193415053808,
70.54145491101151,
16.884864051343804,
66.88091191990078,
15.835960446985634,
65.29639745366246,
17.059286660658707,
66.41242979483782,
6.158444472052735,
14.58558179883504,
68.6288379052322,
32.16046652081806,
53.95071703484369,
18.410354162179743,
18.05478830301133,
48.04050997047101,
67.7223332758276,
75.59830574375728,
70.01705400909314,
19.07223917623343,
10.802028758227243,
49.771951915931794,
47.021528667968255,
65.90223681136693,
76.89899681669004,
23.345277468034748,
64.89194138183915,
20.668287894040336,
72.03636025573971,
5.621602360734961,
70.24438629620388,
60.079682500865246,
30.54402228911317,
69.92910773510354,
6.449596128928819,
43.53984195593813,
13.205005934167172,
36.03106334984669,
37.88259020450495,
20.223143036782254,
34.92848273684357,
8.554032316471824,
11.375724579570178,
18.052644175247003,
63.528975775368195,
63.375228536010965,
39.756554195343256,
24.44626907935134,
43.87007061082947,
47.511973799006995,
13.389801644518002,
62.80130845314997,
37.0430006156807,
8.10394328983261,
38.93045434561829,
65.90936819506494,
9.858494902339888,
66.51902989082909,
66.89025995446103,
71.97935444213824,
16.441997280506254,
61.4459214316648,
21.63761509599243,
17.85580882570965,
47.94580493366587,
15.478479649213037,
49.69876862092951,
68.51145871105571,
61.91798196840713,
39.17195653163425,
16.698842587735996,
50.10932853890732,
21.298154280749657,
65.41076680792666,
23.16013655200866,
72.27601999615774,
41.51540452905401,
61.52563393750523,
66.17820211324792,
47.15658040697225,
69.60357143548588,
46.99774499991078,
18.39262694619878,
42.08070247799715,
21.47773930138286,
69.8624420058156,
69.00419077130199,
33.9683475852859,
73.66207490046672,
17.357012786639533,
17.130083922257462,
47.833753713567305,
17.62027752656391,
62.97943596483731,
68.84135606851751,
70.47814666836948,
35.804637941595544,
13.914021165816742,
77.19372063838159,
61.767662530904786,
14.56606695419743,
68.80140862846994,
45.86945901530238,
66.27252229640975,
53.019633208896565,
22.973120818180924,
19.492099673793206,
28.295013028927617,
72.17874613155305,
49.62947487914822,
47.96759502402905,
16.849531562872308,
36.79136645147558,
64.24372457036098,
14.132387913753554,
14.882246251029617,
75.6488815121987,
13.847615299126225,
20.25309103467812,
23.441407520018153,
66.11230184554225,
43.296095744755064,
74.90916516313139,
38.45450454990683,
69.87322528131149,
34.57287847085185,
42.49493014399487,
47.62064506190097,
42.91520252202719,
41.76570516339074,
28.23935788513358,
16.93322455697065,
41.95951506048662,
67.69808199664078,
11.950618737144879,
38.297205000185954,
34.174273620384824,
22.183381332850637,
44.44492634458697,
17.90943036013271,
21.50170461515724,
58.1452775253064,
66.05272965925214,
53.676296091781936,
61.30322362816213,
33.98677659760787,
8.489533206281221,
73.34957905585283,
61.883375636620556,
17.691750904676912,
62.97696448376428,
21.560022435267662,
11.135877729820333,
19.60804184025502,
6.66865573458567,
14.484600392027986,
71.52374096430667,
6.367888353387029,
71.60789006948379,
45.36565722051952,
51.390834220878546,
63.7822812703662,
42.59753005386368,
66.42142470517032,
44.05256744878409,
37.36400031325924,
70.23470081547586,
49.70391250235194,
8.259754949245043,
73.0881721367627,
63.907956871873566,
69.23192074558732,
44.39706662147384,
64.48344383644599,
63.43536303551407,
11.176170536813402,
50.38392746130674,
14.502569910385088,
79.86329496766523,
37.88259020450495,
18.785326591735462,
6.716944760250544,
62.20706378259251,
16.666368383015378,
60.059545223898525,
60.29341313539773,
48.31718743034217,
16.978966703135622,
58.651022077172826,
57.34390993857319,
44.934717993668755,
33.547383633268666,
46.94181121023718,
64.03744702366316,
12.701111401788204,
64.14460041740554,
28.10594948604713,
14.068217658428159,
62.700560639727826,
47.02326027926648,
36.53328523700792,
69.06366723575194,
26.516540185198643,
6.742412912681835,
53.049440455539056,
47.39412644642759,
13.677512683253404,
25.228934841779374,
46.7691315172582,
24.40112229630683,
32.260146642344104,
61.85664553012482,
11.773480609243698,
19.162428824999253,
23.702283462232884,
70.9460712924397,
32.03901922487343,
61.847532785247964,
6.023657094873424,
74.39173972268597,
52.56747946630624,
67.73420057414974,
45.46040894650115,
15.82487733031769,
16.839023744554474,
16.08707773800939,
16.28312956252584,
8.141834443670447,
13.410060044028295,
6.342612656553419,
73.22547030401658,
42.37163073455447,
7.5815671653478445,
64.87300251422872,
13.10254467226694,
67.3219587718321,
41.922670047416744,
29.674137818971225,
39.3180141141294,
6.656638782769279,
69.5614886628576,
70.28510316528971,
25.330509588269056,
48.83377204785289,
10.468618810028998,
9.463222104661483,
67.64357004730955,
6.530596948946733,
29.938388389237662,
20.818663614259414,
5.713223783732035,
67.02085614604098,
47.9901679184417,
55.61549293533807,
69.6637377725011,
8.196984274256856,
71.17087337190225,
22.566063203356677,
44.97404586139353,
27.208869298072678,
51.61074613301615,
68.64499607726889,
8.607666912510947,
20.349748859587617,
69.73231770263226,
69.38658886068461,
59.75434519502845,
63.05678204061711,
35.94180728755117,
36.50281147807851,
17.720079341255147,
62.02212640315807,
72.87127886679775,
16.581823413917025,
6.412328041595054,
67.21226872012934,
51.788634056150144,
67.29514784369731,
47.193549170010144,
38.812798889581416,
74.94250972371323,
39.26415958838595,
63.134606834122806,
31.65798186635355,
13.617939417508616,
32.050212144947146,
58.614328259360946,
48.40906159864535,
47.934415077644076,
8.6050203612023,
21.866565172412315,
44.77232938051278,
8.489089648399794,
17.43205640025597,
36.632117140444706,
16.107133604733114,
17.045204277986343,
21.35764873243144,
29.918291502418214,
20.901436125885876,
68.18583302443905,
6.402888273962365,
14.791444164992711,
65.32529166398915,
54.71706434005952,
62.953178239016864,
33.35217029870705,
64.48952107633171,
10.128337234069678,
37.74969820739631,
54.36344013925306,
34.70971696797628,
58.64699269935309,
66.2009217056311,
9.675021081448772,
39.39337873126536,
55.97046980291695,
65.97519124330218,
68.65744420211483,
19.079807239778578,
39.99324645011551,
28.63913688339752,
47.456965216529454,
60.24505778286276,
44.38036897418037,
65.07905402324896,
6.082382894220804,
45.81456840316281,
68.83079212985035,
25.830477006083584,
19.086210395000897,
6.4725308161081765,
61.462560931519405,
34.177529152378014,
15.978643959636802,
16.131843554488633,
5.612994410174625,
20.142313893776155,
66.83245832675357,
45.096379663553726,
33.559469335553324,
61.65710662937289,
72.0572932935481,
30.947942355920567,
43.04818315911392,
69.08641964777723,
19.661397172513933,
62.73381373871855,
16.852927461909363,
77.45294125636951,
15.427785251084284,
8.763194709245468,
68.55578234325448,
70.04820682296629,
23.014773120966762,
59.53752094149428,
14.60223694084246,
70.81786750283361,
18.312524863299032,
18.42936505990111,
26.107584072033408,
6.691889676540076,
40.28766966507685,
80.06656897657612,
10.600070486891052,
61.901812284667486,
61.528901189051226,
61.9591163582963,
19.003098115951936,
39.139522768194276,
70.05500615762305,
77.70995264506051,
29.56101970918014,
55.478227019233074,
45.135778330197866,
30.8203866331046,
38.626783977195714,
50.874332710133245,
54.20478689517621,
25.66475082789502,
38.94994120977204,
67.14220784199291,
42.01513102508541,
65.48881423914659,
17.559441304484444,
33.29484329870951,
19.184550288073495,
70.16854733034435,
32.89337489351671,
42.226123257514324,
13.780835453229422,
70.7914012085773,
63.318572009992025,
6.4895131872954295,
32.2162251203167,
69.06762663264746,
11.158228289993797,
18.3371261543153,
47.29560294631723,
19.267595108754158,
6.226154039815365,
4.970940668203749,
70.8379656119149,
51.26803285824886,
10.775807322220558,
47.725905322194265,
63.06193967837612,
43.085682341610124,
47.41674571787266,
5.168150586048959,
67.10464946413208,
46.50483928834373,
19.07266902461346,
71.24493746365872,
61.82374428903182,
5.502735538494068,
17.929797197169712,
19.2962312485458,
56.593965289573006,
16.1983573756663,
44.913143567539805,
29.635567199953854,
63.40846783613058,
9.63634642016162,
21.00315255504954,
63.299487155474694,
63.31485955487787,
63.51653739678899,
64.74149718424752,
45.10157907445168,
61.75214437625327,
69.99286002131446,
66.46455598953452,
78.49581950096183,
18.98981855033899,
62.37158071067613,
19.12725778938497,
26.185639173201658,
16.26446445216633,
8.86288003646089,
76.70116809460534,
35.693695776217396,
70.62365527739091,
17.637173199394134,
68.57275772379579,
47.94040365424806,
10.780030523206236,
13.35752729588275,
29.947345542423403,
32.039379750702324,
45.1725509991671,
65.3025695738005,
44.869057024046455,
23.81138154306268,
7.74770413493756,
24.7638549778764,
39.40062041718339,
9.292327559615398,
39.253294180650514,
77.6702206808316,
6.414293657231275,
69.72661967630356,
22.305979266140056,
19.43381835151652,
23.548254404995305,
27.075585470457376,
16.71127192534184,
46.66204467893769,
20.310325568059948,
77.35039000238633,
22.60805856537371,
63.930901787805794,
31.69850829558498,
44.733526225447136,
65.19197529916983,
44.00398390184819,
70.06003298192681,
5.692540418313168,
24.83007651421849,
12.020561877063912,
60.07029851115978,
69.90047387552114,
60.76102360152473,
14.234435763890712,
11.459544043715598,
34.543045079336835,
6.411823059781449,
49.726255201903726,
24.79289012449248,
56.93351956155735,
22.59250651993333,
18.24969786996342,
8.654896817084076,
59.5940050162513,
69.54315291687439,
29.666788150327335,
20.480275810142835,
38.269163060889525,
60.560837296146744,
5.766464292660755,
49.18848144270822,
11.403217950084102,
20.94308007785843,
44.36357702220005,
26.77716365637172,
58.24138629454811,
5.120979412957588,
46.24909890205571,
67.82985369414159,
7.8167497872972715,
6.49044286208278,
35.04682970590553,
16.58541305006288,
19.281812573429917,
47.85073165928135,
66.17290783170762,
20.11246025155624,
72.57773569835936,
70.21078401126687,
56.383769340273346,
21.087150212382358,
42.31462396837129,
12.615142154185062,
9.249088912253322,
67.2088804073972,
67.29951891619285,
28.257934570032702,
15.260592130697944,
31.236396016697274,
63.02037644706215,
36.45363179367019,
36.6019019269654,
47.272666122003756,
6.7749303837502,
70.12980039224033,
9.526829551146974,
30.920468681615926,
67.34932405154112,
31.54078672696268,
52.37026668637371,
16.578458760240512,
46.52260548287698,
67.47037973692134,
36.04651094174871,
19.794150866055638,
19.969593480261942,
67.13538611093688,
49.664705691253204,
42.03323795186343,
13.864813377085667,
40.29541105383426,
62.45896272425365,
32.38322527448723,
9.144086036835407,
13.765182764395528,
61.91304959801582,
30.42766474832119,
70.06003298192681,
44.34183152576647,
21.37089752903072,
31.758997457007805,
10.083185816312733,
19.700272211194825,
62.11205619198722,
14.897809781397376,
8.432833901090092,
32.469523906343035,
13.552715165206905,
70.3728901298572,
61.41908615116162,
48.303178603840735,
62.77175285076348,
6.8150474475232885,
15.480650700740986,
68.1776652676304,
47.730784997644406,
28.73374223295756,
29.447214402970637,
23.344892425500714,
63.974230041965384,
26.469142599984966,
62.328101881512424,
54.018205872807215,
36.7208859915371,
42.78879210729666,
45.809369533531054,
34.78951001317081,
16.570038335417507,
69.67295448352247,
47.77730664605443,
65.40877309926711,
63.70830558319281,
65.11276077725566,
24.37083015629004,
18.868186596728645,
65.9603111430167,
68.49122493273335,
45.220068937582525,
64.99411523202608,
50.56481710343749,
17.168578855715378,
19.08339394839556,
28.825735652369055,
43.64956558891744,
13.71917319812168,
31.239036984283086,
52.440023763992585,
24.709974348207147,
66.81406466834885,
20.46541971012457,
37.32383985087657,
64.8028869981141,
26.904584377741347,
19.649642991366044,
75.59522598060379,
60.01801743461648,
41.00710006886416,
12.786481598284904,
65.94724099503117,
62.06525956711428,
6.489293564545297,
30.522968096902066,
39.234448230893065,
11.573186818839943,
28.157507898517267,
56.17175542502946,
70.086035313337,
21.844473713249517,
18.979603883354187,
43.420061154722646,
6.014763089303666,
69.55656331872393,
69.23542056476367,
20.32999843821541,
14.837622681181502,
8.522698400358273,
70.80825714961001,
19.500768886040525,
10.887165456934419,
47.53031256560661,
15.85731858734707,
38.9058454956043,
55.72455425520289,
11.220939865260123,
34.39922350787426,
44.7890237906424,
37.968991147423935,
41.96434939069143,
24.99221221032137,
16.177665466078206,
17.168857314108564,
65.07191548343881,
61.75973640131183,
69.75613141686085,
16.379109695076185,
40.91665030327729,
62.10619271609281,
45.0108895280692,
21.091990531694634,
73.92792423728811,
45.774081588469414,
61.44676751808109,
17.903725991424327,
61.24133040104762,
44.9915380268922,
8.254305142297312,
14.895354326230056,
33.74880287654375,
58.633255882639574,
68.96432707193419,
69.96000740370737,
27.68915323458599,
20.03167908565295,
24.339536734491038,
53.07469194805235,
38.57300077920994,
6.837338432264523,
18.208878841474224,
55.9258054301588,
41.95451441163358,
17.778672829943126,
20.49399336925929,
6.013006007046689,
20.14753308332695,
70.05913060577505,
9.752412748018706,
69.60203796938968,
52.74385019190264,
14.620252423283763,
30.959844746647907,
39.57886627565432,
64.69133991354477,
5.86147184342879,
22.278582567614617,
27.86756214356167,
33.02556427927355,
26.082426977801447,
26.60931716479859,
8.249670783110442,
49.16947575248092,
58.318051984898105,
10.736062535486639,
10.735482538699483,
63.63785481628176,
14.362015889289847,
55.996778901949384,
64.94758355192761,
49.403444060214355,
6.112757229679753,
38.8625674337234,
33.88279260522104,
35.60300680190263,
56.81183815734845,
67.54522918945415,
28.048165889362174,
31.24515260785005,
6.0285106166546045,
68.64087809899449,
68.00722779066352,
26.644454280603412,
48.70782213652221,
75.71000765631173,
53.76621020777738,
76.71288180133733,
14.679904643767054,
53.74960230651179,
17.907898366193024,
69.29442263773343,
8.305714630227023,
6.679485225774723,
23.163323933374215,
43.911218569616395,
47.105868135963334,
11.290601946593192,
76.34889442451377,
70.15501025956002,
17.78488366166096,
71.71758113012521,
70.06769717011325,
44.43945543538467,
61.46130549789062,
36.43431154947355,
48.09650893163304,
6.333896827531268,
21.6988376849473,
4.791579352700822,
64.13612773904373,
34.921354191457105,
15.117553945021788,
74.53505350265905,
39.526851503023266,
75.796149008423,
50.069154900552334,
15.276884966634137,
68.70249375139548,
54.800075556281456,
59.09716868351518,
75.08485066268594,
19.53771849411978,
18.4056350987478,
49.43904766990788,
46.36796087731804,
75.44711499206626,
75.53700237625728,
66.28808570269578,
38.001628103549805,
30.529695471117495,
66.01649734400985,
16.13072049784867,
46.46070598294435,
69.57651826071557,
64.76949025697739,
14.133467319341385,
55.57620587991666,
63.84197053607545,
44.11952675134763,
61.43832857954145,
6.158113947237209,
13.687136309956664,
69.17621750200192,
54.93608800480834,
36.397344896608516,
33.2854942188285,
13.832396891042219,
23.902274190596255,
34.78798323743867,
69.24837123378681,
47.05620765637876,
20.781746914602316,
11.282521158830342,
75.83095987547085,
16.544005123928883,
52.6679662013626,
8.445345791889935,
70.83039095125672,
15.16712711360903,
47.29689074901003,
17.266214238191573,
45.58140713557046,
69.94441202213429,
31.419393582376777,
75.49638629302879,
71.44813189713675,
48.02906902767634,
22.741539745675727,
55.90341881155423,
39.120110447149074,
14.470337188000086,
23.792386379940854,
35.87360780810734,
38.52083593481173,
47.34625470178922,
75.22752139293345,
14.707409000336819,
59.100963848159566,
33.85275452777496,
40.4754185266582,
72.07389980260801,
13.224277028051763,
54.69929814552627,
78.4488860968196,
66.08679862066094,
11.272801239642934,
69.60653913089924,
15.829875909629315,
12.19783115527141,
47.75963801611559,
46.04933090689295,
62.88788566402384,
11.07650470366423,
6.7474729062829475,
56.38711554611595,
27.65806764962737,
48.01592959065903,
68.32371852966513,
16.718024612523166,
4.830309452791168,
8.690731015178041,
36.65130576502875,
14.22802640737094,
66.0431030721606,
47.322163953993126,
71.48336310574605,
70.66490997752062,
21.322116343364936,
13.538399398533954,
36.780467058661216,
68.0633499887971,
66.48774374020361,
64.72714140101189,
17.35861636058783,
48.90872669851451,
69.51943577038519,
32.67325149150656,
18.566045564592933,
69.28737573163627,
6.095068840281863,
6.001809356958149,
33.15121377172403,
71.3999641416658,
52.02864121093951,
47.251706812165295,
28.666912572608105,
59.872059288445925,
8.053809397913422,
52.64215028876879,
70.29269422582283,
21.159097687336892,
6.113585630111704,
44.83313384982274,
68.41124616016783,
35.87848476979738,
23.25697592601155,
19.89532809275552,
9.985706398530443,
69.9139780416462,
65.93147104130551,
50.15120054987402,
9.563296660192641,
70.4929812423585,
63.88599556518845,
30.894517256357673,
18.317712960295843,
6.194532082607136,
22.23011557910604,
43.65289304842799,
48.38467829331569,
73.50721580625063,
17.753253025249883,
7.831551006529893,
6.521287326074119,
69.54893237001332,
51.692277534206866,
46.982160984686416,
70.33120196986494,
20.1271578753291,
30.264047407287944,
65.71216693532813,
56.737052155905545,
45.04615431736974,
62.57839938170724,
44.28826519279829,
17.002427956722208,
17.546955478709123,
35.236708657006105,
18.086131534277456,
69.48821398135546,
8.116195230351096,
20.158145474897978,
52.31089100668778,
38.834852747743525,
63.32455978049849,
18.799101585356233,
64.40380675837247,
42.99022102323988,
29.99041845649649,
20.806496938790037,
41.23922670680241,
14.035707728421958,
31.7164021982373,
62.913304734875425,
26.875654754222495,
14.521395740974423,
47.092331137469785,
74.81937894960582,
64.3205945648117,
72.1518523187314,
23.319543876338507,
46.93590239750746,
51.56738539803109,
46.389321773648675,
9.30006840715827,
76.17753846793048,
47.36003001666447,
46.995866865351914,
61.999117791378026,
46.042909072330445,
63.01877344736002,
20.854823050926626,
67.03798724430494,
16.97974805528446,
70.21233711091988,
10.474338240269837,
47.717604913524895,
69.53607996300973,
20.91333094701926,
12.743010326117446,
35.97918721425288,
41.33651865944536,
23.99263356079614,
46.10794293865743,
36.1526645121711,
18.75134345130879,
39.62572715352559,
64.83363043404974,
50.93194403624031,
63.89009717065322,
10.923833822928875,
65.80665628427313,
14.902814723752172,
34.66144113592662,
35.642198097765664,
62.38301166369892,
79.87718309080145,
71.19812445377565,
27.186588775105196,
50.61025775020184,
39.59556624208418,
43.064762071152295,
14.882739214802154,
59.833286836449645,
61.35245980455693,
48.04450264878966,
79.38192129355608,
34.44196788501061,
17.661983892377872,
70.32766970253321,
5.839885510384278,
16.28015142545493,
10.666758490516386,
18.701647574688092,
48.37804469752464,
18.037750466633963,
30.695420563752144,
77.82533786969685,
46.000206392698885,
14.712718272796398,
65.0241529542267,
12.230834152952507,
32.58707309940195,
38.19417945890177,
65.77103919092445,
15.574047509532042,
68.57703921233103,
63.44041583375703,
68.74827990443538,
62.05174117100394,
28.35040040838806,
25.040355756660865,
19.82454471280439,
22.566466780637352,
65.02928666826858,
32.33294182725058,
55.244419285160234,
23.53590980911912,
8.248689197816265,
54.78346326458032,
60.06169362395107,
25.764948593972612,
4.291357447502765,
32.34154031315687,
46.42053191217899,
37.0277775345229,
21.174638702398457,
6.433141675307308,
54.71436467749287,
18.519659388839184,
26.373443215023073,
68.30338196254813,
18.678033000157402,
63.62257763602514,
66.57525112635221,
32.85116078133869,
11.00217150398264,
45.866764656974794,
73.45055382395022,
73.89048592537263,
13.133258202380855,
37.922360704236375,
50.270530936092285,
49.57245548226223,
20.13368951784503,
64.90415856862542,
5.933387567359508,
62.3185527931801,
28.539931798806606,
66.2842084019532,
69.53303428753662,
48.614699742825735,
19.71707286184678,
11.47909241323908,
56.70105235745787,
59.65670011489131,
70.77725717926461,
28.98720585010988,
77.92968250996088,
64.37631876749494,
20.442229910108896,
58.045076609344164,
56.88692358530977,
10.54855309965019,
6.204180706621758,
36.78348028123587,
45.496366514298984,
43.16017708484719,
10.157157566178658,
65.80915972388472,
68.40010154207276,
7.962249213889285,
9.743681991509387,
17.26368571774591,
41.16944878160106,
23.206500115858773,
53.113851867451615,
5.543900557022603,
16.630845930788894,
24.9734671396516,
32.392246522774144,
79.50378867599623,
7.805516351495141,
25.39015571011088,
25.87045046977112,
4.638523759559032,
22.854865899592085,
21.356748638164287,
27.028224630791108,
62.95901160018303,
33.1484939528802,
23.272755322544477,
36.84033047812927,
31.793626065381737,
30.113164285227345,
5.025977983058048,
49.499726087948716,
11.708348738485748,
15.492203290337534,
45.10792329844392,
14.901798135599407,
71.11392733350701,
17.289963744466718,
18.456086390306574,
22.20835669944836,
69.76506628133731,
6.380698867745664,
62.08077635746564,
47.9759268643658,
47.08731771638632,
39.55518515239383,
20.466077508878946,
31.866197309788813,
68.37380941221465,
11.17544901130162,
39.11232007346376,
19.73498005930695,
69.6804565285814,
70.80253230888067,
28.720130579761552,
4.618716461836232,
15.331627144639135,
52.098334337084594,
19.19602377498433,
79.87127564317912,
42.2388724189038,
66.68724744143418,
5.6711112341603815,
69.36746192473001,
70.57333215074787,
61.566196032729025,
58.05341245275184,
5.783476336053878,
37.43610370416282,
63.06081651511872,
69.64690413536951,
27.80641684666054,
44.10375367606761,
54.66626675315156,
5.870374964661679,
76.71893428913859,
35.101724120950635,
45.97452894570506,
16.52623892939563,
33.5387145416085,
42.35386454002122,
13.264060376404803,
28.648867354666585,
19.20026919084843,
4.897433491616546,
8.620423499888254,
69.72630120252363,
41.65983958067699,
13.88573983403097,
39.144706425825014,
58.426228914742694,
44.628444121550864,
21.659332013595275,
63.75902270518331,
25.585451158030477,
21.10419475444303,
18.05235137472925,
47.380622775966515,
70.99410947958665,
44.93984705525472,
13.599213324381628,
14.299161607687582,
8.544618269632956,
22.256752605622403,
69.4288174211082,
73.96868822488909,
30.747188169311663,
13.531624209622475,
18.20647851560181,
19.22997116349702,
29.563722903222228,
67.69590753426714,
28.977435813780005,
22.46385793989713,
18.576222205948607,
12.190345454918214,
41.235960417533335,
26.39749693528626,
38.80043393841066,
61.32274913624103,
60.461351441203746,
54.03344763317625,
10.740084746664191,
45.78528224578966,
53.850798996378344,
20.673124968788528,
41.64412238772591,
69.13245743257336,
13.898373141520132,
26.580945210019177,
11.705220100474623,
66.69648215429622,
14.38503862986644,
15.314889767040622,
26.18668041218421,
70.78247643648139,
66.23726513500186,
19.097652254811354,
51.28579905278211,
27.667226435194102,
47.70725492932293,
59.54197500742086,
23.783858695751448,
65.60943727040531,
28.529309905752214,
53.07169925361835,
25.85108392449078,
46.724332464307054,
44.700609554613706,
40.01480603653326,
17.84646801480269,
37.16521977101938,
57.46239349995035,
76.11976514815207,
24.2274619463734,
61.47096850211163,
20.73648076248913,
16.084878590466786,
71.46940837566574,
6.2767795562783615,
29.85241067356122,
9.480590353066791,
59.76210529529246,
69.85211508417183,
26.09164676453619,
42.9170458888677,
67.72866508626493,
15.679729838192195,
8.199599825222116,
68.73544572233178,
63.90006019634863,
8.337833584869085,
64.78512080358085,
17.481102088528097,
32.00361476832095,
36.414866771789136,
51.17816750077829,
43.93692536414649,
38.293439404497505,
65.15413060736388,
63.47332467659719,
62.17406093452547,
46.15372802876813,
67.82720852540545,
39.02994055752366,
6.019190513886743,
44.84633794272868,
72.45791162530139,
18.447629765407157,
59.99762643259196,
70.84990729698906,
38.251396866356274,
74.69629625292907,
68.8422165530794,
30.757796408870863,
70.72405259107444,
10.848420696493218,
17.22990384529862,
78.1877922830669,
27.33757856706852,
70.80457725641504,
29.904923110413876,
17.744482258092805,
16.847060943770277,
45.76334778777975,
14.390404837202578,
20.55353536960734,
20.114280481533157,
10.965156048271254,
12.791293478067978,
10.977342455836116,
16.88370060054478,
27.84989267084991,
69.67988218017383,
44.929486943445184,
61.97561196077599,
21.140814725281587,
4.926153672994328,
65.71376404186925,
18.150500029510802,
6.209191517742199,
46.423429575877066,
14.626950428196348,
58.810727060208535,
40.028404474811204,
72.32392918545906,
13.856436750418501,
41.37434650124914,
29.252129730364082,
66.36059565071457,
47.93222273561399,
69.43118957015747,
48.3709148220054,
69.09098848476607,
45.23527940055085,
70.1401924305458,
24.335721693547463,
64.7119272233523,
8.361707339821006,
22.309815283385177,
6.709541359623251,
74.11241679007419,
56.013621151298835,
55.871418787843425,
33.07400653642321,
6.477276706407169,
16.921538943978515,
45.8153574251365,
63.757246157909435,
23.907147806885355,
16.474266219653682,
49.39053383703039,
44.99918953757329,
32.189447454908574,
31.66556542217351,
16.0105103612454,
6.784090593675674,
66.61495418394996,
68.41528936731427,
47.788035925809794,
56.98994640778004,
27.564630945246403,
49.29289175363475,
69.29311018951323,
23.2823129414021,
22.43555687755129,
23.96309214535595,
22.894487909049957,
5.845235736177586,
42.43362030931702,
61.85592797802967,
67.57444382749632,
39.02596416705255,
44.23324826426966,
22.763822030013493,
8.421117549295152,
10.436540576886934,
69.10190607834016,
65.55983939282608,
42.63559815916601,
22.546368604635152,
19.197114171455567,
9.265951604541844,
19.212910847206906,
24.649635069804056,
42.232297510502,
21.76034528636754,
9.559398882848818,
28.45002178853377,
8.263408637630159,
46.24293763533079,
64.05482373631793,
70.46595056338327,
47.12021202787713,
74.00468528247562,
73.10933968906686,
33.00777175485793,
13.766805630076894,
70.48605346256493,
70.15201217316384,
73.25974157332219,
47.98856621007123,
16.79599962267218,
39.73009550817336,
18.346689693616874,
67.24698087585676,
25.902129182464076,
6.880568424492379,
19.112533048689624,
20.793159815817532,
52.93910297121863,
8.736263003782703,
77.53157641712058,
28.568865023822738,
31.365042499758594,
45.731188647280646,
5.989270272147979,
37.168162826208075,
44.039586504572696,
21.735971041468797,
69.24629957225443,
47.96764467137635,
41.10346051868584,
65.58863212097843,
64.30132551433834,
8.545142846998706,
41.31531489848931,
60.008018605572204,
69.36723073556139,
53.262466975679715,
27.932949395947304,
13.375484123260215,
9.692787275982024,
22.788073662078553,
10.51641099315236,
34.6884744253151,
19.496671260021976,
77.13482818604592,
63.89196596043904,
20.12539090335892,
34.428571937068895,
4.734066071910508,
29.66651929399877,
8.949761098469185,
21.58548179197146,
10.537526710954495,
67.1510643032638,
5.530797355383076,
19.7514070459297,
72.6982465672487,
14.540452032566591,
16.960321300073268,
63.061271851000356,
14.771814021304447,
71.30747792951479,
54.31295306834977,
69.6449241395149,
55.435974887641365,
42.689238264158575,
9.37190730492733,
42.239367535409826,
43.336358244030734,
14.519371889345052,
16.541360930656044,
16.2348423044827,
26.39822329111999,
13.819779026488295,
73.04672143638255,
15.168530110338823,
25.874423650969426,
59.05106647042949,
52.47555615305909,
79.1250439329812,
20.399308971873943,
60.980002754343374,
6.289352580881238,
68.85178647239908,
65.45610996067643,
54.05177558866127,
65.73014686029565,
67.16883049779705,
32.87159594606145,
75.30709712831015,
6.5665833036766195,
38.84597834935372,
44.670935556109455,
45.29963795478676,
6.15813745164149,
24.959893975031292,
69.14680727358062,
14.661928673098444,
80.10131245625102,
16.612979378596513,
50.053067931767316,
74.61287506757691,
24.095037233900513,
49.290575156723236,
48.440154138923816,
55.686047695997075,
61.797005848463144,
66.07512499605288,
7.924654033035264,
51.80668836314753,
69.48388000998472,
58.14609790795059,
44.845752153383046,
70.44791337575363,
45.20286582862427,
46.511642780547874,
17.510270142443826,
23.298263275485656,
31.241642692890057,
7.830047233318323,
66.74892451133749,
27.995671530548023,
47.32807322203337,
16.721465219775858,
19.03167449450124,
18.235074321133038,
69.97909483617114,
35.50903074763285,
70.70622575305305,
74.11331974488111,
16.494663420529896,
13.691588736306365,
15.733729890563355,
69.19361695752943,
62.13811170437364,
25.201063379791407,
30.997207260323695,
8.508628161878855,
65.79513406732762,
27.073604069654152,
25.11114198477049,
70.04167690960793,
19.01270142527457,
46.89090764056523,
68.66499857132906,
47.81554530028721,
40.30184466457959,
22.787439407635787,
30.700388389388998,
9.092118271917085,
47.76473547246721,
26.296318944560987,
44.038601990048846,
52.10778376469162,
33.51074351020853,
69.00227270247215,
40.48834623381714,
69.50667778670577,
19.077461417735982,
14.454420275387191,
48.450455502239535,
59.788780774064975,
31.485808733600283,
61.78399628727969,
37.43610370416282,
18.41960176495447,
70.10968080393589,
47.83741053405221,
60.81684346752397,
60.45080172629382,
59.93711330641092,
51.16995015966502,
19.781536026297495,
46.01541862158112,
61.85778160801681,
52.93020140840737,
42.57572035104404,
28.276870462288485,
64.66108627000746,
28.425689877673506,
46.81693338158517,
73.82285994889523,
61.40712086209106,
45.10094319081788,
19.42171498701657,
23.870162780407345,
70.20409525942847,
5.921601482306372,
43.82837626240239,
13.829924106423775,
24.87176798311344,
39.67184291945438,
30.2959573569148,
6.343704370309412,
47.404267604991276,
65.9232695133172,
19.006514278949652,
70.1899120313203,
26.71063872417448,
34.912265147556425,
27.14445822296503,
69.37691301160957,
48.88106261637509,
69.75260746867681,
14.267583275708617,
14.970833938652467,
67.43697728142963,
45.762983387783194,
68.63242633836876,
44.837395315819975,
32.71129279734437,
70.94921257982091,
67.18885899229888,
75.86722389592263,
48.32321059990575,
54.73940929106786,
65.30791564910368,
69.49469077063102,
65.65941059748593,
64.60474546177109,
74.65882575307269,
55.47530195733475,
19.17014687493375,
63.22755869063782,
69.84928212155897,
24.60740342916564,
34.27255764934012,
34.104788561221824,
8.089341786979926,
21.018986202796693,
40.802402397453996,
21.850451128155207,
30.475202061138027,
66.0651368625713,
34.922130957285034,
15.50089170233802,
73.10728747593195,
13.99902633689392,
19.45867438761517,
18.480025252658123,
21.382714150392637,
39.20577218953591,
63.65912575779413,
70.6088002087362,
63.91407288297188,
5.61604359255303,
61.21924434204347,
70.91732333463386,
65.32189318129653,
68.960150133226,
17.785341486478558,
37.954100374730906,
37.52026809646722,
64.24896036646359,
68.91470102817497,
69.79784476411075,
23.484725616058178,
72.53317924184032,
30.052858123820144,
65.72889962136593,
12.007655746369618,
25.72005421698087,
8.489620409492943,
70.63023965507153,
35.23349396611555,
34.10370407598627,
23.407007977763385,
22.92115997665112,
47.861714289997636,
45.4781751410344,
44.658222890211874,
15.228520611244724,
16.967483192664073,
71.39146866684511,
48.40457597119061,
22.67545289802927,
21.2882039743361,
6.785139890347644,
4.711944997006309,
26.34748984898038,
6.573093883872586,
42.04908299520669,
6.290340025769578,
30.300810223005723,
75.94967369740486,
44.995350767184505,
46.320657060097815,
24.607131980296472,
54.0773140330806,
14.80227137637652,
16.046040011459404,
45.28532422445615,
67.37451394671758,
6.350722477551901,
68.83632474452152,
45.74630354498093,
6.180105408556483,
70.61464457096517,
78.04600947702549,
73.4022014486655,
70.26602574932808,
24.015353110025636,
18.222352473032842,
4.605880962807706,
69.34728652775978,
39.44162472035836,
42.18115172887569,
46.043851449136824,
8.582635236480504,
13.456065194405591,
47.88138965737498,
55.57984436000851,
31.570405299148764,
68.69058165154534,
11.865213184746256,
61.129142012571634,
67.330192045767,
8.253784801888113,
35.62647223694718,
69.77793544149355,
25.33637060111807,
23.089571013930772,
18.983002796334652,
29.544104943457157,
66.83358663330353,
38.29201146227116,
61.37066413139124,
28.253247380883106,
44.69228689010987,
46.02723357849254,
39.40135719378384,
9.335898772180347,
51.36981376284528,
21.515314400910952,
60.13519714276832,
70.0489907653648,
31.39747227982944,
7.790674622520357,
9.804845028272524,
73.64206580669972,
18.951471954014515,
12.910797844998191,
31.50501945414182,
48.54806272717141,
14.049724789226703,
62.5761213777682,
54.253177831469145,
64.53806671671585,
72.57235615453524,
18.884404432092083,
53.651486151607585,
35.901769224608856,
38.78779726956473,
39.82705568673285,
29.2037343536966,
23.172323377185883,
65.39162817484852,
70.90580009009284,
29.56101970918014,
45.84920352090859,
16.4717080456584,
13.579854019858459,
24.62863385585854,
62.27051550024699,
17.92457482585918,
46.423429575877066,
55.32133451494785,
18.7029527036482,
66.36126857885736,
36.832930267110555,
30.88266272081078,
69.89258272491595,
47.09555719371534,
64.67200375597008,
73.90079186059363,
32.90689940140984,
6.562049556522162,
12.950984248508394,
16.870237541698916,
59.47966900494245,
14.587433077301505,
44.87498434565573,
75.52709697235451,
13.546402793095513,
70.5388164317122,
39.356357427951295,
48.74001599087899,
39.24465266378991,
69.31248921350578,
48.27368759964466,
56.08836410175657,
72.35822906595115,
67.1865966923303,
13.1668416584874,
29.978178513290022,
65.37135876373782,
27.874961294015108,
10.683101331870649,
65.52527997576657,
19.173175694950327,
66.67073767222149,
21.516911355192693,
15.120640495275659,
17.082001293600133,
53.780644758178866,
14.16087734298566,
72.58648405838296,
64.24103284509557,
58.61728746861991,
16.33830079244118,
47.39753172663757,
19.904017738798704,
63.867590043690086,
6.470209951981144,
56.439052891400436,
67.25723436978488,
6.288321631738486,
25.91548189259009,
14.143921720333442,
41.17774588802644,
25.972073059346563,
6.570629215860696,
15.305491890557015,
66.2658604158511,
38.629707240054,
52.30733998702367,
9.502845688170488,
21.336295719892735,
67.0891001111696,
18.158561765942416,
16.56997680435161,
20.997751839158717,
33.953126254239876,
48.148602989856485,
23.56978764971661,
55.41239536737281,
64.74110082187475,
53.76736850104504,
29.798630326046872,
76.96524369643589,
14.371607804961585,
17.99900945494946,
25.41225215814891,
53.94227287409899,
18.72470718088547,
70.05418962611908,
51.69006702689798,
50.99880034261338,
26.093019213289253,
47.49720240318267,
47.48813883074379,
69.98117532182793,
51.19208412082794,
48.440154138923816,
79.27700288019051,
36.12653854253088,
20.464884269564234,
26.81494973560874,
63.80908996259113,
48.70921330218857,
6.895721063479002,
6.933439866577884,
14.736515279910165,
70.09000421018484,
53.29348157558883,
73.13514558567569,
47.12504297228223,
19.143662328750764,
49.89601979831464,
29.855627140478525,
13.62389086223337,
69.18325905155508,
18.171235465425045,
19.415477272789225,
30.19692864828329,
17.44809558555557,
12.562600717068085,
60.66816507775083,
5.75539709791693,
73.71174589091765,
34.91786245861013,
6.797548236619311,
61.480680246028186,
11.490564527107889,
34.5649198196504,
21.248927106715673,
65.68236353389928,
19.353264419918183,
41.45240737152227,
39.789895702583955,
10.6707386330491,
8.705734155104969,
21.627060289123932,
26.10142192942885,
60.83910422090915,
78.2637759847226,
50.679264911763866,
21.99495868531001,
28.58090008446149,
70.01721249386912,
49.811289132668904,
61.81913677282458,
30.57541900821549,
34.3580176320624,
67.94010562464527,
13.640123020750007,
27.414493109046404,
68.74578511869679,
8.354495833309999,
31.54330101320688,
50.12448075115533,
16.480871985202295,
37.97054114122972,
5.924884820703701,
18.0555864392615,
10.972480917128115,
50.69000743852155,
38.23413043519811,
48.88802482610393,
66.45933488537983,
34.22297721498807,
43.96643741657663,
28.818166333945733,
18.118745216979566,
26.076714225060325,
46.165741866707634,
70.92532146122792,
63.36220452076212,
69.88566063735203,
45.98436014974463,
47.70548179316515,
47.74150151431532,
10.464294334687919,
6.29382591287771,
78.64911880201562,
61.360546884122186,
76.89783921914389,
67.2495742461503,
16.53269681454719,
51.949540729296714,
55.5178352335018,
32.909735745631934,
6.060905549986015,
20.97961017704023,
69.61851158755637,
73.06744114981716,
72.64233555277983,
62.657619591504115,
38.995540128799036,
17.087721155644576,
48.28541240930748,
19.14080623454879,
62.395887055029675,
60.041762503410126,
67.05290714009658,
35.63439546839068,
70.90625881366722,
12.434910082019469,
6.656719895931863,
65.09638062213516,
7.1926245733629735,
17.363136544216296,
62.27099573113523,
16.106704409719644,
65.70407504154623,
53.48378870962162,
68.06071244626563,
36.95481948968047,
39.99228069265547,
70.55649328547649,
10.772346411861761,
43.642317956441794,
19.017992962968233,
28.791288321260787,
18.457038265744476,
28.032649803928834,
15.293324813777724,
22.122839895847928,
62.59828654601226,
6.221141485469682,
70.24938927079688,
8.645452986174377,
66.60144893370584,
11.251425581345211,
60.053112208572685,
25.705101270668102,
12.101094727651848,
49.20401002112267,
55.9863168023696,
45.39924178040302,
10.974904353488684,
18.701393323700035,
18.40718316206784,
23.880829513228008,
38.99860371773155,
65.64824491873256,
53.50119562669191,
68.18439272872362,
43.1955075190133,
14.448625043436767,
8.126972459824582,
24.254733631704934,
8.586319533559738,
34.788332337823036,
64.58787845041702,
17.025936078005614,
65.54564170469887,
74.32322145813292,
18.7566925975118,
63.858089109797405,
69.132348262097,
6.167268053665112,
69.53752655724244,
8.922347396887682,
10.890403563711335,
44.63078963878374,
27.775876130649213,
49.11761374070959,
23.387922035776995,
24.371763604210415,
63.74149443284496,
46.753586755450826,
25.277428477315773,
48.483286947254555,
67.91499525708517,
10.65728170877598,
63.75750585761962,
74.67294546211993,
8.929957405110336,
18.40183557042122,
5.8876569161157954,
19.209531362323013,
61.29444087105104,
45.00095479297836,
68.7482446302739,
25.080225491522846,
6.459349342357797,
61.46612429676095,
67.6510560342409,
47.35415779798335,
6.256452128745753,
18.777314136401014,
54.3570405282172,
80.04880278204287,
29.87774864498982,
77.3761358463004,
63.11204302990738,
66.54262640119626,
17.111598762059263,
33.67356113198048,
7.740573713714246,
44.50674060777859,
18.456675261447977,
39.07814414042046,
45.27763004503235,
16.690524157211883,
53.37547549847491,
17.16523102995626,
18.621044677595783,
67.29421210114991,
56.66037258943436,
26.52400336793212,
26.892779502934047,
53.45679387989874,
23.69948194754021,
45.21652458099051,
65.16489741747337,
69.43721185935118,
31.609441794077917,
6.235680368686936,
63.362317703157984,
32.036107519056515,
75.62275741328818,
41.323800652514905,
14.561156606363687,
44.86348498373047,
38.4080197335679,
55.1688430945656,
61.64125278015767,
18.664983877674636,
4.6056082888158585,
35.06893341525462,
69.12155772274629,
43.47457357967629,
21.24909533636513,
67.34531612626245,
22.66907032581839,
42.288273056506085,
27.990514811427342,
50.63192924397977,
11.282521158830342,
76.45913739440577,
60.854686731881216,
29.816398520308,
16.75657560714991,
10.961858167230698,
33.819098400074395,
60.74926494140695,
68.98599850767168,
19.2522159467637,
41.39248960142571,
70.63265029621549,
56.2102385890191,
49.481373296987954,
19.217579270676982,
53.98350660605091,
5.929840894958021,
67.42776453236335,
16.858694688319893,
14.424020386491724,
67.80880638656771,
67.97133060471468,
68.42045170549828,
8.957399451258004,
34.15538711250877,
32.40685266262498,
19.14733805036676,
49.8438308361567,
68.45107526093763,
48.00139526371038,
46.284201082435075,
38.324105881131764,
17.5535105800439,
72.61901152640226,
73.11811663589071,
14.482222818906138,
47.922130548344924,
62.41365324956293,
15.545060575818399,
32.053873713589766,
40.23228984365282,
42.63992554831687,
29.36848443103343,
50.67253687792484,
65.43167666045598,
48.66599183155502,
78.88772864645841,
68.89646464050347,
59.57028473133815,
69.69587211210732,
60.72919774944077,
45.48373396530609,
61.26933106112938,
65.66143597682809,
77.2804473085211,
28.124186014955985,
34.88569711460473,
29.687927082670857,
16.37866110125767,
21.409648898693643,
16.005694227243843,
16.00081732862904,
33.433920636731116,
66.7706787473371,
16.877440102624906,
14.399373329050253,
13.51138231452316,
6.794225565630417,
46.27102181211829,
48.87720679639567,
19.502077899233477,
35.68815789285389,
46.68309762850866,
8.635307973062032,
68.70063936989911,
58.468190024848354,
14.657917782393023,
52.45778995852584,
21.627573505246005,
17.572117877663032,
41.36670900081556,
67.84903122084826,
70.72617485680172,
23.866741801529752,
6.258726393894304,
7.824945263042591,
19.098288159479665,
6.627039911584425,
38.96000773973253,
36.27999554013846,
70.09332421413272,
34.771530843044474,
32.29797093599251,
10.458268819824855,
61.58495486399251,
7.601993016020605,
63.055242461604905,
73.47483660646462,
67.52948101601875,
20.998563087402463,
7.775832893545575,
41.438114721297396,
47.512247763040335,
57.78013226383054,
69.24415262936536,
12.904469202051462,
8.97712261166548,
62.84171580046228,
18.50423509253033,
18.97645451443428,
17.380902738749548,
43.602946298641385,
65.73884865602754,
14.707238397572329,
45.932359870752876,
61.848088221234065,
22.753939673802137,
49.38435735342553,
50.934346585559595,
61.01916058190035,
28.617954215767757,
70.3008981636396,
45.259285411649046,
25.65855871504038,
70.73419841194345,
40.93463637972388,
17.536552484648368,
