6.40699999999999,
45.59899999999999,
64.26100000000008,
81.83500000000001,
9.0,
19.80099999999997,
17.612999999999982,
48.70499999999995,
41.98800000000003,
9.593000000000012,
58.79200000000007,
6.700000000000005,
60.134999999999955,
69.98900000000002,
37.07899999999997,
69.51800000000009,
27.288999999999973,
7.085000000000011,
53.25900000000007,
63.029999999999994,
35.092999999999954,
9.700000000000017,
58.902999999999935,
7.2030000000000065,
73.81100000000006,
17.62800000000001,
74.98999999999988,
44.03000000000001,
45.59899999999999,
38.771000000000015,
14.506000000000002,
52.74700000000009,
17.37999999999998,
56.98599999999993,
16.41399999999999,
28.01999999999997,
30.768999999999973,
58.52299999999994,
17.054000000000006,
7.546000000000004,
6.585000000000009,
77.25799999999998,
52.77200000000004,
16.12699999999998,
20.91200000000003,
66.79999999999994,
22.046999999999965,
5.799000000000001,
43.14199999999998,
6.603000000000012,
44.82099999999995,
30.267000000000017,
81.31299999999987,
16.84699999999999,
54.79600000000003,
42.79500000000007,
32.11499999999995,
16.006,
16.019999999999996,
8.18300000000001,
13.90000000000001,
17.84800000000002,
70.6090000000001,
45.27700000000005,
41.04699999999997,
64.60200000000005,
7.000000000000001,
46.62099999999999,
66.29300000000009,
42.40000000000005,
42.69199999999994,
13.981000000000002,
8.798999999999985,
63.23599999999993,
61.25299999999996,
70.51700000000001,
7.886999999999987,
61.120000000000026,
62.984000000000016,
53.29100000000008,
43.89200000000003,
74.78,
5.800000000000001,
37.03099999999997,
64.77900000000008,
38.78000000000006,
19.562,
9.093000000000012,
58.22899999999995,
12.221000000000009,
66.26699999999994,
46.081000000000046,
44.14499999999996,
35.827000000000055,
60.096,
9.42299999999999,
41.95699999999997,
55.14900000000005,
29.35100000000002,
68.47100000000006,
50.67700000000003,
5.60000000000001,
46.36600000000003,
76.9780000000001,
45.11499999999997,
39.05399999999995,
18.199000000000023,
7.666000000000008,
18.602999999999973,
41.48500000000002,
63.94,
24.145,
20.637999999999973,
30.218999999999966,
68.88699999999989,
45.17499999999993,
71.24199999999995,
35.936,
70.45,
35.826999999999956,
74.24599999999994,
26.011999999999993,
70.43199999999997,
52.21299999999991,
59.14699999999999,
19.791999999999973,
17.167000000000012,
69.08400000000007,
5.997999999999999,
57.36200000000009,
24.786000000000005,
31.179999999999964,
12.631000000000002,
62.92199999999994,
40.310000000000066,
11.868999999999994,
48.749,
21.904999999999987,
69.97799999999992,
30.433000000000003,
14.40100000000001,
44.99899999999999,
40.976000000000056,
24.27099999999997,
72.00499999999995,
53.348000000000084,
24.417999999999996,
14.153999999999986,
42.15599999999998,
38.51599999999999,
44.63499999999995,
30.414000000000037,
46.775000000000034,
70.39400000000005,
9.516000000000002,
16.002,
31.71800000000001,
30.593999999999955,
16.60099999999998,
41.03100000000002,
66.012,
25.595999999999982,
45.267999999999944,
59.32800000000008,
20.78999999999998,
41.20399999999995,
9.599000000000016,
6.599000000000011,
18.393000000000033,
22.092999999999964,
57.85899999999998,
30.402000000000047,
74.77599999999993,
69.72599999999989,
70.27599999999991,
20.586999999999968,
8.663000000000013,
63.27399999999996,
69.1380000000001,
73.10400000000004,
14.496999999999998,
65.23399999999994,
63.59800000000001,
72.93000000000002,
79.6379999999999,
42.163999999999945,
13.829999999999986,
7.395999999999987,
71.70399999999994,
60.394999999999975,
19.0,
20.746000000000013,
36.154999999999966,
41.958,
53.44400000000002,
63.3179999999999,
17.268999999999977,
38.31000000000003,
42.05399999999998,
63.201000000000064,
46.425,
23.47400000000003,
63.66500000000006,
44.65799999999997,
43.52700000000001,
46.56500000000001,
78.55400000000004,
35.502000000000024,
69.31899999999996,
63.667000000000016,
57.18800000000006,
75.07500000000006,
22.92299999999999,
37.90000000000003,
72.00799999999995,
6.852999999999993,
17.657999999999983,
44.20099999999996,
35.40199999999997,
50.99,
66.8029999999999,
50.63199999999996,
70.036,
55.20599999999997,
24.279000000000032,
12.030999999999999,
64.51899999999992,
15.15500000000002,
45.989000000000004,
47.72,
15.851000000000015,
52.94500000000001,
45.266000000000034,
19.399000000000033,
43.51499999999999,
33.71500000000001,
42.30600000000003,
44.72099999999994,
45.666999999999945,
31.31899999999996,
71.16799999999996,
21.963999999999995,
16.679999999999993,
19.284999999999975,
15.153999999999995,
53.69299999999993,
48.860000000000056,
51.19199999999995,
39.905000000000065,
5.6999999999999975,
55.04399999999999,
56.431999999999974,
20.174000000000024,
30.09299999999995,
66.58099999999997,
42.402000000000044,
61.25600000000009,
43.94500000000001,
6.978999999999997,
40.76199999999995,
12.313999999999988,
41.54799999999994,
50.836000000000006,
74.17400000000009,
50.68899999999994,
67.21700000000006,
24.746999999999975,
19.03299999999999,
79.20499999999994,
72.15600000000002,
57.680000000000035,
18.57400000000001,
48.602,
41.23499999999996,
59.22599999999993,
16.503000000000004,
17.441000000000013,
13.261000000000019,
15.217000000000024,
72.2150000000001,
68.62300000000006,
14.305999999999985,
71.06500000000001,
26.496,
66.1450000000001,
21.630999999999972,
27.652999999999977,
17.097999999999985,
35.299000000000014,
45.10599999999997,
16.401000000000018,
18.40100000000003,
7.106000000000011,
16.440000000000012,
19.409000000000034,
16.745000000000008,
9.90199999999999,
5.800000000000001,
62.23700000000007,
53.27800000000005,
72.7260000000001,
52.60500000000006,
7.68000000000001,
19.79999999999997,
61.38000000000008,
14.210000000000019,
69.41799999999999,
43.95400000000001,
8.026000000000003,
69.18400000000007,
42.48599999999997,
13.713000000000022,
69.00599999999994,
46.756999999999934,
45.56899999999998,
62.260999999999925,
69.20000000000007,
65.74599999999994,
59.79999999999995,
10.72599999999999,
27.362000000000037,
12.264000000000017,
45.864000000000004,
30.959999999999987,
70.8239999999999,
79.8369999999999,
69.45799999999996,
7.399999999999988,
54.88099999999998,
65.11400000000006,
18.426000000000023,
33.98200000000002,
48.20099999999994,
19.801999999999968,
50.07499999999995,
30.412000000000017,
50.78500000000009,
66.28599999999997,
44.90600000000002,
71.14500000000007,
48.90499999999998,
45.58800000000001,
21.21900000000001,
71.15000000000005,
32.99199999999996,
20.89699999999998,
9.364999999999986,
59.602000000000025,
20.408000000000015,
18.166000000000007,
32.186999999999976,
48.11399999999999,
48.105,
15.483000000000002,
37.444,
38.208999999999946,
7.70200000000001,
37.398000000000025,
37.37399999999998,
8.301999999999987,
38.79400000000004,
14.276999999999981,
30.235999999999994,
41.37300000000007,
48.29100000000006,
25.603999999999964,
11.846999999999998,
46.176000000000066,
5.524000000000002,
18.584999999999976,
9.544000000000011,
48.87199999999998,
40.97999999999998,
13.39900000000001,
7.495999999999999,
24.66300000000001,
64.07500000000003,
35.96600000000002,
19.018999999999995,
45.00699999999997,
10.200000000000017,
26.461000000000013,
37.40300000000004,
35.59299999999996,
9.107000000000014,
35.89100000000004,
44.71100000000004,
38.608999999999945,
67.59900000000002,
72.29399999999991,
71.61000000000007,
9.012000000000002,
15.430000000000009,
13.487000000000002,
25.986999999999995,
10.89199999999999,
41.44700000000001,
71.98500000000001,
37.30200000000004,
5.6999999999999975,
35.21199999999995,
38.09499999999994,
18.70200000000003,
47.102999999999994,
24.142999999999976,
13.622999999999989,
5.6999999999999975,
70.20699999999994,
58.79200000000007,
21.789999999999992,
18.107999999999976,
59.38899999999993,
43.00899999999999,
7.399999999999988,
16.275999999999986,
48.80000000000008,
26.857999999999983,
42.95400000000002,
29.72199999999997,
48.71599999999995,
70.4029999999999,
72.24899999999994,
73.00199999999992,
23.564999999999984,
9.937999999999997,
68.523,
63.24599999999994,
45.63999999999997,
27.01199999999998,
71.73700000000001,
5.686999999999999,
44.62599999999997,
72.67300000000006,
24.762999999999998,
7.398999999999988,
71.30699999999992,
66.02099999999994,
72.1020000000001,
68.31800000000007,
20.316999999999982,
49.66999999999998,
62.00900000000007,
74.49999999999993,
60.80200000000007,
45.211999999999954,
70.26599999999989,
19.409000000000034,
28.1,
64.12700000000001,
42.27500000000005,
41.628999999999934,
22.88700000000003,
76.55699999999995,
75.76800000000009,
52.40599999999998,
48.18599999999995,
73.483,
11.034000000000002,
19.008999999999993,
15.903000000000015,
65.88999999999996,
43.941,
37.13499999999995,
68.36999999999996,
67.9759999999999,
46.20899999999993,
47.125999999999934,
35.21299999999997,
59.39399999999996,
34.53999999999995,
72.455,
52.560999999999986,
54.665000000000006,
15.896000000000017,
42.919000000000025,
6.704000000000004,
69.51400000000002,
35.535999999999994,
39.34400000000007,
19.179000000000016,
45.463000000000065,
71.73199999999994,
42.20700000000005,
74.41799999999992,
70.022,
69.58400000000002,
33.83800000000004,
41.936999999999955,
68.90199999999989,
19.10799999999997,
6.883999999999989,
45.684,
48.60199999999993,
61.09699999999994,
10.303999999999983,
74.4260000000001,
24.705999999999996,
17.379000000000016,
69.24499999999993,
7.502000000000001,
16.285999999999973,
60.30699999999995,
12.706000000000012,
64.05000000000007,
72.0669999999999,
36.02299999999995,
71.31199999999991,
71.82400000000003,
45.83500000000007,
36.20799999999994,
19.487999999999992,
20.927000000000017,
39.03599999999997,
19.81699999999997,
47.87299999999999,
41.70799999999994,
76.18900000000009,
24.3,
36.08899999999994,
8.901999999999985,
62.70400000000006,
64.73699999999991,
35.001,
58.92999999999994,
7.1660000000000075,
18.509,
69.14300000000009,
45.39200000000001,
42.592,
47.79600000000005,
47.102999999999994,
71.54999999999997,
10.985999999999999,
68.38499999999995,
48.79200000000008,
42.27100000000003,
33.65199999999996,
55.12799999999993,
39.47100000000001,
62.14599999999993,
67.61799999999992,
69.48700000000002,
5.60000000000001,
74.62099999999994,
19.95899999999999,
66.36100000000006,
27.423000000000023,
48.668000000000035,
41.25599999999995,
72.29199999999994,
11.893999999999997,
37.790000000000056,
52.166000000000025,
73.83900000000008,
69.045,
23.795,
75.16299999999987,
75.37300000000003,
6.002999999999999,
41.993,
55.66599999999998,
63.70399999999996,
59.751000000000076,
78.94699999999993,
18.087999999999973,
30.79299999999997,
79.6889999999999,
34.774999999999984,
60.431999999999995,
29.359000000000048,
47.72299999999995,
73.33399999999992,
27.394000000000048,
11.831999999999985,
18.012000000000004,
31.17099999999995,
70.07999999999998,
42.498999999999995,
9.600000000000016,
7.069000000000009,
38.33800000000005,
26.412000000000045,
23.66900000000002,
68.51099999999992,
46.90999999999999,
70.81000000000009,
67.10000000000008,
8.870999999999986,
44.59599999999997,
30.202000000000012,
64.83400000000009,
38.17899999999997,
21.866000000000035,
35.49600000000001,
13.607999999999993,
18.704000000000022,
5.799000000000001,
18.80299999999998,
72.49300000000008,
51.48600000000001,
66.44500000000001,
25.201999999999956,
51.27600000000007,
35.02599999999999,
59.76300000000005,
68.75699999999989,
22.096999999999962,
32.569999999999965,
65.98099999999995,
64.884,
24.620999999999967,
35.64099999999997,
32.738000000000014,
65.01800000000009,
45.379999999999974,
65.36400000000008,
69.98800000000003,
67.43999999999991,
47.50400000000004,
76.25900000000009,
21.717000000000006,
53.71199999999995,
61.59900000000003,
43.61299999999999,
56.871000000000095,
29.65599999999998,
23.183999999999987,
77.72900000000008,
24.367000000000026,
73.61699999999992,
43.63699999999995,
35.77700000000004,
20.762000000000015,
22.534000000000002,
9.046000000000006,
20.083999999999968,
71.48000000000003,
7.374999999999988,
13.710000000000006,
69.2840000000001,
26.31499999999999,
77.64200000000011,
7.383999999999987,
78.14600000000007,
67.7099999999999,
8.912999999999988,
10.701000000000016,
73.91600000000003,
66.81699999999998,
33.921999999999954,
7.302999999999992,
30.917000000000044,
66.97899999999996,
33.556999999999995,
65.89299999999996,
73.44699999999993,
7.2759999999999945,
34.64699999999998,
68.93399999999993,
43.19599999999997,
15.284000000000015,
15.002999999999997,
18.017999999999994,
60.03799999999994,
17.727000000000018,
69.82699999999994,
11.739000000000008,
70.5099999999999,
41.72199999999995,
59.11200000000007,
71.73800000000004,
60.793000000000085,
41.60599999999995,
5.697999999999997,
23.717999999999996,
17.167999999999978,
65.18199999999993,
7.814999999999991,
73.7789999999999,
61.50499999999992,
65.50000000000009,
70.01300000000003,
69.90199999999993,
75.52999999999997,
72.27600000000005,
28.50799999999996,
64.7940000000001,
18.934000000000015,
69.8440000000001,
18.714000000000027,
67.063,
33.832999999999984,
73.91699999999997,
77.95800000000007,
32.492000000000004,
73.08700000000002,
19.893999999999973,
43.61599999999995,
44.552999999999955,
60.514000000000024,
71.29700000000007,
57.907999999999944,
14.721000000000018,
18.003,
67.73199999999993,
71.08800000000002,
35.18799999999996,
59.37199999999994,
61.95399999999999,
21.591999999999974,
57.60200000000005,
44.36000000000007,
18.726000000000013,
72.5349999999999,
5.626000000000006,
62.59199999999997,
70.07900000000011,
21.380000000000024,
45.63199999999997,
15.889000000000015,
59.323000000000064,
5.681,
30.869000000000046,
45.080999999999996,
25.49899999999999,
25.14299999999997,
70.07600000000009,
47.206000000000046,
39.140999999999934,
47.979000000000006,
45.46099999999999,
69.01599999999989,
12.116000000000007,
59.477999999999994,
36.314000000000036,
8.958999999999996,
67.88400000000003,
32.648999999999965,
14.100999999999992,
40.21899999999994,
17.841999999999974,
11.713000000000012,
31.39200000000005,
30.01299999999999,
12.909000000000002,
42.007999999999996,
26.89300000000003,
28.777000000000008,
66.17499999999994,
63.63499999999992,
41.66199999999994,
41.702999999999996,
68.69199999999991,
63.49900000000005,
10.503000000000002,
14.119000000000018,
71.96099999999988,
48.15899999999994,
71.23800000000007,
21.712000000000018,
68.26799999999992,
44.70699999999994,
48.895999999999994,
42.649999999999956,
31.90100000000004,
63.93899999999996,
54.88299999999998,
44.08999999999999,
18.110999999999976,
70.76799999999992,
10.730000000000013,
58.801000000000066,
25.931000000000026,
33.556999999999974,
14.053999999999997,
52.17299999999996,
48.56399999999999,
70.18599999999994,
7.838999999999994,
15.88700000000001,
52.69499999999993,
12.008,
63.80700000000007,
48.592,
69.7900000000001,
46.29500000000004,
9.107000000000014,
16.084999999999983,
62.898999999999916,
15.692000000000023,
53.564000000000036,
58.74399999999996,
47.477,
68.90900000000008,
62.98199999999997,
7.89499999999999,
44.63699999999995,
13.311,
44.13599999999996,
11.965000000000002,
8.20000000000001,
65.36500000000005,
42.11299999999996,
17.39300000000002,
40.56299999999996,
65.00800000000001,
37.461,
69.95199999999998,
41.56399999999996,
12.914000000000003,
42.50500000000001,
8.513000000000002,
69.64200000000007,
52.972999999999985,
45.30599999999997,
52.28100000000005,
5.922999999999994,
5.505000000000001,
43.59999999999998,
41.50999999999995,
44.403000000000056,
69.7029999999999,
46.12999999999998,
22.982000000000003,
43.424000000000035,
59.70100000000008,
61.025000000000034,
22.338000000000008,
47.95200000000002,
31.478000000000005,
41.828000000000046,
74.20900000000009,
21.122999999999966,
37.801000000000066,
20.019000000000002,
39.22199999999995,
7.67900000000001,
45.74600000000003,
66.73800000000004,
68.85199999999992,
54.93399999999995,
41.40100000000006,
14.121999999999993,
46.700999999999965,
59.163000000000075,
31.573999999999998,
51.751999999999995,
68.88399999999989,
42.264999999999944,
14.512999999999986,
38.59399999999995,
46.316000000000024,
13.82399999999999,
43.656999999999954,
7.396999999999988,
58.68700000000006,
44.79000000000002,
69.2810000000001,
21.69400000000001,
12.303999999999983,
62.89999999999992,
50.96599999999998,
11.615000000000007,
14.113999999999985,
70.1000000000001,
37.30199999999994,
41.259999999999955,
9.600000000000016,
55.85299999999996,
45.538999999999994,
42.04699999999999,
73.79699999999997,
59.035,
13.41100000000001,
54.95699999999999,
18.850999999999985,
10.898999999999992,
67.87099999999991,
36.76699999999995,
45.89400000000001,
73.26599999999995,
23.839000000000027,
60.98799999999999,
68.86699999999989,
32.32700000000004,
42.40000000000005,
66.52000000000004,
69.13700000000009,
35.16499999999995,
71.40899999999996,
21.995999999999995,
49.829999999999956,
39.89200000000003,
70.88399999999996,
69.92999999999995,
16.917000000000012,
29.907000000000053,
37.312000000000054,
34.818000000000055,
37.18399999999996,
18.300999999999984,
27.679999999999996,
6.59200000000001,
18.576999999999988,
47.993999999999986,
19.512,
25.362999999999975,
46.65499999999995,
68.56500000000001,
39.694999999999936,
66.83900000000008,
66.59700000000011,
69.41599999999991,
53.124000000000045,
10.983999999999998,
61.17200000000007,
6.605000000000013,
48.02999999999993,
47.10299999999998,
73.44599999999997,
19.401000000000018,
62.600999999999914,
54.34399999999999,
43.969999999999985,
5.5730000000000075,
27.620999999999967,
62.15599999999997,
34.624,
62.92799999999994,
72.9339999999999,
38.69799999999994,
70.41299999999991,
69.75500000000008,
47.181999999999924,
42.80200000000001,
39.304000000000045,
66.58800000000011,
35.39600000000005,
62.49600000000002,
40.670000000000044,
41.91799999999999,
39.38400000000002,
75.756,
16.62799999999999,
10.501,
50.78000000000009,
40.117999999999945,
59.924999999999976,
57.42399999999997,
24.613999999999987,
59.47299999999996,
18.78799999999999,
22.09299999999996,
63.659999999999954,
49.151,
31.62599999999998,
41.664999999999935,
43.62499999999996,
27.765000000000015,
31.244000000000014,
31.016,
18.699000000000023,
9.20500000000001,
38.69999999999993,
32.19199999999996,
7.5870000000000095,
59.19500000000008,
25.908000000000026,
26.222,
23.597999999999978,
42.667999999999964,
51.10700000000001,
24.999000000000002,
61.27599999999991,
15.698000000000022,
19.954000000000015,
22.413999999999966,
27.20099999999998,
24.547999999999966,
15.24400000000001,
39.85100000000005,
61.80399999999993,
6.4179999999999895,
20.879000000000016,
43.37400000000005,
53.20099999999994,
71.06899999999993,
63.596000000000004,
46.788999999999916,
36.006000000000014,
13.71200000000001,
17.707000000000008,
54.99099999999995,
38.806999999999974,
54.98999999999999,
9.231000000000002,
7.299999999999992,
10.226000000000012,
81.62899999999999,
32.01500000000003,
19.79999999999997,
8.699000000000014,
53.288000000000075,
9.636000000000006,
60.801000000000094,
29.549999999999997,
48.267000000000046,
73.20900000000006,
26.172000000000015,
63.38199999999993,
71.19300000000005,
7.396999999999988,
59.077000000000034,
22.269999999999992,
9.616000000000016,
13.594999999999992,
6.173000000000003,
7.685000000000009,
42.74199999999996,
50.022,
42.35800000000004,
35.965,
16.476000000000006,
61.41199999999997,
51.93999999999999,
50.933,
43.401000000000025,
16.041999999999994,
68.20599999999995,
21.064999999999976,
5.697999999999999,
76.38599999999994,
70.00999999999995,
46.37200000000001,
23.21100000000001,
45.66399999999992,
70.02299999999997,
70.57400000000008,
17.064999999999994,
29.273999999999972,
31.93600000000002,
71.38999999999992,
36.968000000000025,
67.50000000000006,
59.18399999999996,
61.41100000000008,
13.80399999999998,
33.21099999999996,
61.50000000000003,
13.320999999999987,
55.91599999999995,
7.800999999999993,
8.802999999999987,
14.207000000000024,
41.57999999999999,
67.78000000000006,
46.19299999999996,
46.08999999999995,
78.81599999999992,
40.99599999999993,
75.28799999999991,
69.30700000000006,
42.604999999999954,
24.151999999999973,
19.698000000000025,
29.67399999999999,
43.001000000000005,
50.452,
24.62299999999997,
9.593000000000012,
53.474000000000025,
65.03500000000004,
70.20099999999994,
10.29799999999998,
63.5160000000001,
60.348999999999954,
18.840999999999973,
15.082999999999991,
8.010000000000002,
20.92800000000002,
60.7069999999999,
60.35599999999996,
42.492000000000004,
10.906999999999993,
69.71199999999989,
65.11699999999992,
23.448000000000025,
75.08400000000005,
24.885000000000037,
70.07900000000011,
30.055000000000003,
70.51700000000007,
9.91199999999999,
36.198999999999934,
38.80600000000003,
71.02900000000008,
15.279999999999989,
44.914000000000016,
6.708000000000003,
52.901000000000074,
54.451,
7.551000000000007,
19.398000000000028,
48.00199999999999,
42.77700000000002,
25.05799999999998,
50.207000000000065,
35.353000000000044,
6.251,
50.021,
69.399,
71.65500000000003,
72.59500000000007,
67.18199999999989,
40.956,
48.214,
19.511000000000003,
22.195000000000014,
25.140999999999995,
50.196999999999974,
60.61100000000004,
27.781000000000013,
45.877999999999936,
66.11900000000007,
19.505999999999997,
31.946999999999992,
20.101999999999972,
62.71900000000011,
58.84900000000009,
50.80200000000004,
21.362999999999985,
67.3209999999999,
12.693000000000017,
12.522999999999998,
35.99699999999998,
19.806999999999974,
47.267999999999944,
70.83400000000003,
29.019999999999982,
48.57900000000001,
18.148000000000014,
70.37200000000009,
51.27600000000007,
64.90799999999992,
15.557999999999993,
67.32700000000006,
16.861000000000015,
16.43300000000002,
15.834999999999988,
62.34599999999995,
39.78800000000005,
55.67300000000001,
58.52799999999999,
20.41400000000002,
72.58600000000008,
45.691999999999915,
7.7989999999999915,
63.76599999999994,
71.12799999999993,
56.741999999999955,
71.79900000000012,
74.53400000000009,
11.764000000000012,
69.763,
64.2259999999999,
19.528,
18.200000000000014,
44.746000000000066,
70.71199999999995,
67.29799999999996,
38.45300000000002,
77.6300000000001,
35.82000000000001,
61.525,
43.195999999999955,
15.393000000000011,
36.11699999999997,
75.86500000000002,
47.90100000000006,
76.89199999999998,
73.67700000000002,
21.574999999999985,
64.00700000000006,
42.101999999999954,
65.84199999999993,
33.54099999999997,
29.003000000000032,
68.881,
44.97300000000001,
24.81000000000001,
64.52399999999994,
31.188999999999965,
71.3819999999999,
62.802000000000106,
66.91600000000008,
26.882000000000033,
43.73599999999995,
19.401000000000007,
82.75099999999992,
42.20299999999995,
26.328000000000035,
56.978999999999985,
47.847,
9.09700000000001,
43.52799999999999,
66.07199999999993,
21.776999999999983,
15.719000000000028,
35.97100000000004,
45.525999999999996,
67.49899999999997,
9.599000000000014,
53.18099999999993,
41.90900000000002,
12.701000000000022,
7.5690000000000035,
72.50599999999991,
70.48399999999991,
15.471000000000002,
66.27900000000005,
49.937999999999995,
66.59999999999992,
64.65799999999996,
16.67800000000002,
70.21499999999992,
65.07300000000006,
13.764999999999992,
13.894000000000005,
46.901000000000025,
59.70000000000004,
13.79499999999998,
64.72200000000012,
18.89900000000003,
66.7329999999999,
21.762999999999984,
14.461000000000006,
24.294,
18.80799999999998,
44.40300000000002,
68.69799999999992,
34.891000000000055,
15.425000000000004,
47.20499999999995,
24.92000000000004,
76.90299999999996,
44.370000000000076,
55.237000000000016,
74.44100000000005,
36.48199999999999,
38.71999999999997,
5.59500000000001,
16.76699999999999,
44.69799999999992,
36.52000000000003,
26.184,
47.58099999999996,
72.047,
53.89100000000004,
30.67899999999999,
76.68799999999995,
61.99599999999993,
22.12299999999997,
27.526,
64.83900000000008,
46.09099999999999,
20.16300000000001,
5.509000000000001,
60.715999999999916,
51.96199999999997,
48.81300000000008,
18.216000000000022,
27.595999999999975,
48.694999999999936,
41.88900000000002,
41.40100000000006,
17.93700000000002,
42.09999999999995,
24.827999999999975,
62.868999999999986,
29.031999999999986,
35.81600000000005,
65.13700000000003,
18.79299999999997,
14.70200000000002,
64.24899999999995,
44.77000000000007,
46.19999999999994,
14.83499999999999,
75.16600000000004,
8.294999999999987,
13.704000000000022,
42.203999999999944,
66.80900000000008,
63.635000000000055,
16.097999999999978,
19.806999999999984,
61.273999999999944,
50.582,
68.99499999999998,
57.14299999999993,
70.93299999999999,
16.881000000000018,
39.23199999999998,
39.989000000000004,
7.485999999999999,
10.503000000000002,
50.894,
20.975,
80.3429999999999,
69.17599999999993,
22.470999999999993,
38.00399999999999,
62.86999999999995,
20.341999999999985,
66.328,
16.71300000000001,
6.658000000000004,
32.71200000000003,
34.112999999999985,
20.761999999999965,
38.35199999999995,
42.81200000000002,
14.831999999999985,
10.42599999999999,
50.07699999999999,
33.524999999999956,
25.154999999999994,
70.95300000000002,
53.714999999999975,
42.44500000000004,
76.08999999999996,
8.391999999999985,
11.913999999999996,
59.55200000000004,
71.91899999999993,
17.141999999999975,
64.85199999999993,
16.09999999999998,
63.77400000000004,
16.278999999999975,
68.10799999999989,
7.212000000000007,
14.725000000000014,
67.31000000000003,
32.41500000000003,
51.26000000000006,
19.08199999999998,
19.118999999999982,
49.452999999999996,
66.68600000000006,
72.75700000000006,
69.54799999999994,
19.47399999999998,
10.831999999999985,
46.524999999999984,
44.178999999999945,
67.43999999999991,
75.7919999999999,
21.437000000000012,
66.14200000000007,
21.454000000000015,
73.68499999999997,
6.503000000000001,
69.83500000000005,
58.99399999999998,
30.633999999999993,
72.31700000000009,
6.92799999999999,
42.402000000000044,
11.958999999999998,
35.69299999999996,
38.80300000000007,
21.218000000000025,
35.49600000000001,
8.626000000000015,
11.797999999999988,
19.22400000000002,
63.38599999999996,
62.85399999999992,
40.382000000000055,
24.865000000000023,
43.36000000000004,
48.505,
13.072000000000005,
62.468999999999916,
36.682999999999964,
7.318999999999989,
39.371000000000045,
66.84899999999995,
10.423999999999992,
68.00500000000005,
64.86499999999992,
72.32400000000011,
16.973,
60.88699999999997,
22.109999999999967,
18.830999999999985,
45.10399999999998,
15.922000000000018,
49.515999999999984,
71.40200000000007,
61.17900000000006,
38.83700000000007,
17.20700000000001,
52.48500000000007,
21.93300000000002,
67.97500000000005,
23.899000000000004,
69.70000000000006,
42.45000000000001,
60.770000000000074,
67.06400000000009,
45.635999999999946,
68.322,
44.53500000000001,
18.787999999999975,
42.09999999999995,
22.187999999999978,
71.55500000000005,
67.49699999999994,
34.88200000000003,
71.0229999999999,
17.494000000000014,
17.612999999999985,
46.00999999999999,
18.087999999999976,
62.72899999999996,
71.5099999999999,
69.762,
38.07799999999995,
13.90300000000001,
73.94200000000006,
61.46799999999993,
14.738000000000024,
68.057,
43.41400000000003,
67.24200000000008,
52.642000000000024,
23.76800000000003,
19.07599999999998,
26.611999999999988,
77.98900000000005,
46.25700000000002,
44.645999999999965,
16.958000000000006,
34.84599999999996,
63.826999999999934,
13.502000000000002,
15.064999999999987,
72.71799999999989,
13.212999999999983,
20.678999999999974,
24.379000000000033,
67.27500000000005,
41.77200000000002,
72.02599999999997,
38.570999999999955,
67.54800000000007,
35.62399999999995,
41.611999999999945,
45.32500000000004,
42.41999999999998,
40.65099999999996,
29.591999999999956,
17.06499999999998,
42.69399999999996,
66.82399999999991,
11.133000000000013,
37.71300000000001,
36.114999999999945,
22.606999999999967,
44.204999999999934,
18.30599999999998,
22.255000000000006,
58.52799999999999,
72.12400000000007,
53.95999999999998,
59.96800000000001,
35.912000000000035,
8.598000000000015,
78.411,
61.55600000000006,
18.58599999999998,
60.48400000000003,
19.416000000000004,
11.271000000000015,
20.308999999999976,
6.700000000000005,
14.557000000000002,
69.79299999999992,
6.793999999999996,
70.29800000000006,
42.326999999999934,
51.08400000000008,
64.27800000000006,
41.42000000000004,
74.7929999999999,
44.550999999999995,
37.71899999999998,
71.96800000000003,
48.11600000000002,
8.114000000000015,
70.93800000000009,
63.93299999999995,
72.35300000000008,
41.41300000000003,
63.09800000000002,
62.78300000000003,
10.527000000000003,
53.223999999999975,
14.199999999999994,
76.51499999999993,
38.80300000000007,
19.61599999999999,
7.399999999999988,
60.96700000000001,
16.035,
58.90099999999993,
59.17399999999992,
51.09400000000002,
14.808000000000009,
57.60600000000005,
56.576000000000015,
44.09199999999998,
33.15199999999996,
44.10299999999997,
63.397999999999946,
12.792999999999981,
62.30200000000008,
29.516999999999992,
13.122000000000012,
62.90299999999992,
46.429000000000016,
36.09899999999994,
68.97499999999992,
24.564999999999962,
7.458999999999995,
54.924999999999976,
45.016999999999996,
13.726000000000015,
25.71899999999998,
47.33000000000001,
23.608999999999995,
34.292000000000016,
61.70599999999997,
10.846999999999994,
20.141999999999975,
24.482000000000003,
70.8179999999999,
29.348000000000024,
61.076,
5.695999999999999,
71.50499999999991,
54.34200000000004,
66.34700000000007,
45.69599999999991,
15.770999999999983,
17.568999999999978,
15.32400000000002,
17.061999999999987,
7.394999999999987,
13.395000000000007,
7.011000000000003,
73.92200000000003,
42.992999999999995,
9.191000000000015,
65.94599999999998,
12.596999999999998,
65.32599999999995,
41.32300000000005,
29.732000000000006,
40.016999999999996,
7.399999999999988,
68.58500000000008,
70.28400000000003,
26.264999999999997,
46.75200000000006,
10.136000000000013,
9.679000000000016,
65.92100000000009,
7.5,
30.371000000000027,
21.31599999999998,
6.501,
69.07900000000005,
44.63899999999996,
54.451999999999956,
72.08900000000008,
8.100000000000014,
70.52000000000002,
20.62499999999997,
43.70599999999994,
28.665999999999986,
47.692,
75.5520000000001,
8.302999999999987,
20.984000000000005,
73.36199999999994,
76.05199999999992,
58.97500000000003,
62.23100000000003,
36.23300000000003,
36.18799999999994,
18.292999999999978,
60.86600000000006,
74.27700000000009,
16.831999999999983,
6.702000000000005,
65.07899999999992,
50.18899999999992,
66.58000000000008,
45.89400000000003,
39.89100000000003,
74.99600000000007,
39.59399999999996,
63.597,
31.569999999999986,
13.972000000000005,
32.04699999999998,
58.72300000000001,
44.97799999999998,
46.16499999999996,
9.306999999999984,
22.726,
43.72499999999994,
8.600000000000016,
17.880000000000017,
36.182999999999936,
16.885000000000023,
17.61300000000002,
22.195000000000014,
30.82300000000005,
21.51199999999999,
72.78099999999992,
6.700000000000005,
15.203000000000022,
66.59700000000011,
53.77900000000009,
63.34999999999993,
32.61299999999997,
63.97400000000005,
10.008000000000003,
39.40400000000005,
54.455999999999996,
35.66999999999995,
58.77300000000004,
64.94999999999999,
12.373000000000001,
39.701999999999956,
52.87099999999993,
69.95300000000009,
67.13099999999997,
18.88400000000002,
40.55699999999996,
27.79100000000002,
45.98700000000001,
59.795000000000066,
44.128999999999934,
65.17800000000003,
7.398999999999988,
46.93,
72.082,
25.89200000000003,
18.699000000000023,
7.490999999999999,
60.709999999999916,
33.378000000000036,
16.607999999999976,
16.914000000000023,
6.5070000000000014,
19.10799999999997,
68.8659999999999,
45.82200000000001,
34.88700000000006,
60.81100000000011,
71.55500000000008,
32.223999999999954,
42.40700000000003,
67.53100000000005,
20.504999999999995,
61.50599999999999,
17.73500000000001,
79.84599999999992,
15.724000000000029,
8.480999999999998,
70.44599999999993,
71.7940000000001,
24.16299999999997,
59.52599999999994,
14.207000000000024,
70.82800000000003,
19.384000000000025,
19.447000000000028,
25.381,
7.399999999999988,
39.304000000000045,
78.92800000000001,
10.506000000000002,
61.3200000000001,
59.92400000000001,
61.714999999999925,
18.895000000000024,
38.80300000000007,
70.33500000000002,
77.25199999999997,
29.621999999999968,
54.469999999999985,
46.68099999999995,
31.398000000000046,
38.01399999999995,
50.81000000000008,
55.202999999999975,
25.209999999999987,
39.938,
65.94699999999993,
41.556999999999945,
66.07400000000007,
18.001999999999995,
32.498999999999995,
18.97100000000001,
69.52499999999992,
32.40400000000004,
42.182999999999964,
13.882000000000014,
69.79999999999991,
63.96300000000006,
6.767999999999997,
31.302000000000035,
76.24999999999996,
9.698000000000018,
18.361000000000026,
47.005,
20.08599999999997,
7.300999999999992,
5.800000000000001,
74.83599999999993,
50.54900000000001,
10.291999999999984,
45.021,
63.18299999999993,
43.045,
46.15799999999999,
6.125000000000008,
67.37800000000004,
43.799999999999926,
19.488,
71.96000000000006,
60.41600000000003,
6.1160000000000085,
18.971999999999994,
20.078999999999983,
52.43299999999996,
16.988000000000003,
45.73099999999995,
30.29800000000003,
67.47600000000006,
8.583000000000013,
19.340999999999987,
63.45299999999998,
62.88199999999997,
62.45599999999997,
63.80700000000005,
44.17899999999993,
62.105000000000075,
70.4369999999999,
65.17499999999994,
74.99099999999989,
19.90100000000003,
61.3009999999999,
19.104999999999972,
25.40400000000004,
16.706000000000024,
9.128000000000013,
73.58500000000012,
34.97400000000001,
71.24200000000005,
18.12899999999999,
67.97999999999992,
45.12699999999996,
10.300999999999982,
13.261000000000015,
29.737000000000016,
31.26700000000003,
43.390000000000036,
63.96599999999998,
45.021000000000015,
24.652999999999988,
7.300999999999992,
24.97500000000001,
38.65699999999996,
9.602000000000015,
38.624999999999936,
75.53200000000011,
7.10400000000001,
69.00799999999992,
22.567999999999998,
19.806999999999974,
23.803999999999995,
28.34299999999998,
16.976,
46.884000000000015,
20.586999999999968,
74.29300000000006,
21.718999999999987,
63.927999999999926,
31.116999999999962,
45.20599999999997,
65.27400000000006,
45.10099999999999,
68.7229999999999,
7.763999999999997,
23.474000000000025,
12.870999999999999,
58.89099999999994,
69.38500000000005,
60.026,
13.503000000000002,
11.999,
33.201999999999956,
6.7589999999999995,
48.45899999999997,
25.739999999999988,
57.37399999999993,
23.022000000000006,
18.906000000000017,
9.358999999999988,
59.137,
70.59099999999998,
30.05499999999996,
20.646999999999966,
39.68499999999993,
59.55600000000002,
6.220000000000003,
50.83700000000008,
11.928999999999997,
21.817999999999987,
43.40400000000002,
27.15399999999998,
56.798999999999985,
5.6999999999999975,
45.512,
66.55299999999993,
7.491999999999999,
6.708000000000004,
36.492,
16.83299999999998,
19.987999999999996,
46.84100000000006,
67.53699999999995,
20.632999999999985,
71.28100000000006,
71.04099999999991,
57.00299999999999,
21.754999999999995,
42.16199999999999,
12.095,
9.78799999999999,
67.48599999999996,
68.90299999999989,
28.635000000000005,
14.792000000000005,
31.611999999999963,
62.32699999999991,
35.59599999999995,
38.40300000000004,
46.06199999999998,
6.4099999999999895,
72.51200000000011,
10.157000000000018,
31.56299999999997,
65.964,
30.512000000000008,
51.13000000000001,
14.579999999999993,
43.778999999999925,
70.82199999999996,
35.48499999999996,
20.616999999999976,
20.781000000000013,
69.4929999999999,
48.366000000000014,
42.36100000000005,
12.853000000000002,
37.140999999999956,
61.90999999999996,
30.466000000000026,
9.600000000000016,
12.543000000000015,
61.122000000000064,
30.562999999999967,
68.7229999999999,
43.49700000000001,
22.046999999999965,
31.64899999999996,
7.9019999999999895,
20.50799999999999,
61.79900000000004,
14.575999999999995,
8.531000000000004,
31.097999999999942,
13.20700000000002,
73.68399999999998,
60.783000000000044,
48.89699999999999,
62.89999999999992,
7.288999999999995,
16.08899999999998,
66.14500000000008,
46.17199999999994,
29.909000000000045,
29.70200000000004,
24.495000000000008,
63.63799999999998,
25.241999999999972,
59.582,
51.987999999999985,
36.24900000000001,
42.67599999999995,
44.63599999999994,
34.25400000000001,
15.429000000000014,
68.66300000000007,
45.49000000000001,
67.19999999999992,
63.782000000000046,
65.22400000000007,
24.802000000000007,
19.761000000000028,
67.65899999999992,
69.73800000000007,
45.12899999999999,
64.44200000000008,
51.96500000000001,
15.02300000000001,
19.977999999999998,
27.91300000000001,
42.79500000000007,
13.515000000000002,
31.647000000000013,
49.549,
24.92000000000003,
64.95699999999995,
19.43400000000003,
36.892,
65.6460000000001,
27.325000000000014,
20.504999999999992,
76.94,
56.966999999999935,
39.94299999999997,
12.373999999999999,
67.0080000000001,
61.02400000000003,
6.700000000000005,
30.270999999999994,
40.01499999999999,
11.856999999999998,
25.93699999999999,
57.07600000000004,
70.31100000000008,
22.723,
18.901000000000028,
42.40900000000004,
5.907999999999991,
69.6889999999999,
69.78900000000006,
21.115999999999982,
15.092999999999986,
8.41999999999999,
70.73899999999989,
20.056999999999995,
10.905999999999992,
48.446,
16.069999999999983,
40.387000000000036,
56.918999999999954,
8.464999999999996,
34.01900000000003,
45.056,
37.15599999999998,
41.49899999999998,
24.807000000000006,
16.65099999999999,
17.286999999999974,
65.32900000000006,
60.79900000000007,
70.98100000000008,
16.81099999999998,
40.310000000000066,
61.85599999999995,
44.31300000000003,
19.68299999999997,
71.7659999999999,
46.862000000000016,
60.67499999999992,
19.032999999999987,
60.193999999999924,
45.810000000000045,
8.216000000000006,
15.274999999999986,
35.31800000000003,
57.60600000000005,
71.2979999999999,
68.76000000000003,
28.335999999999977,
20.901000000000018,
24.83800000000003,
52.459999999999994,
38.107000000000006,
6.701000000000004,
17.94800000000001,
56.661000000000016,
40.93200000000004,
15.306999999999977,
21.14499999999998,
5.991999999999999,
20.35299999999998,
70.03799999999997,
10.295999999999983,
69.71999999999991,
51.21499999999995,
14.785999999999978,
31.479000000000006,
39.90900000000005,
63.790000000000006,
7.886999999999987,
21.216999999999974,
28.616999999999972,
34.76200000000005,
26.083999999999982,
27.239999999999988,
8.097000000000014,
48.77000000000004,
58.45799999999994,
10.740000000000007,
10.708000000000018,
63.53600000000002,
13.956000000000003,
55.14399999999991,
61.991000000000106,
45.987000000000016,
6.6980000000000075,
39.00499999999999,
36.07,
36.72400000000003,
55.12299999999991,
69.48900000000002,
28.186999999999976,
30.726,
5.865999999999994,
70.2089999999999,
77.12200000000009,
25.569999999999958,
48.56800000000001,
72.81100000000009,
54.45399999999999,
73.72599999999997,
14.352999999999993,
54.78000000000009,
18.45100000000001,
67.02099999999992,
8.392999999999986,
7.395999999999987,
24.205999999999996,
45.53200000000001,
46.887,
12.026999999999996,
74.20599999999992,
69.91499999999996,
18.71600000000002,
74.05800000000008,
73.25600000000004,
41.33500000000004,
60.7099999999999,
36.04399999999995,
45.928000000000004,
6.679000000000005,
22.371000000000027,
5.605000000000009,
65.87599999999999,
36.453000000000024,
14.782999999999985,
71.6939999999999,
40.40400000000001,
73.081,
52.21299999999991,
15.624999999999995,
70.06199999999993,
55.76899999999995,
59.12699999999999,
72.14499999999992,
19.57599999999998,
18.709000000000024,
48.488000000000014,
47.19099999999994,
75.97400000000007,
76.24099999999997,
64.39400000000008,
38.154999999999944,
28.324,
67.21199999999992,
16.68800000000001,
45.684999999999945,
69.61299999999993,
65.37899999999992,
13.488000000000001,
54.384999999999955,
63.86600000000007,
45.107999999999976,
61.73700000000007,
7.398999999999988,
14.194000000000015,
70.0990000000001,
56.39400000000004,
32.98699999999997,
34.70899999999995,
13.503999999999998,
24.77,
35.32200000000003,
73.54699999999997,
45.78400000000005,
19.491,
11.597000000000003,
74.8709999999999,
16.685000000000024,
52.894000000000005,
8.93399999999999,
69.007,
15.805999999999994,
45.83300000000001,
17.81999999999998,
44.77700000000007,
70.38600000000001,
31.015,
72.81100000000008,
73.01999999999992,
46.57399999999997,
23.087000000000035,
54.71799999999994,
38.59800000000001,
13.910000000000007,
24.21500000000001,
35.351000000000035,
37.59099999999997,
47.495,
72.26299999999988,
14.93400000000001,
56.55499999999999,
33.001999999999974,
39.88800000000004,
70.1669999999999,
12.73200000000001,
53.77900000000009,
79.1320000000001,
64.82500000000003,
11.631000000000007,
68.68900000000006,
16.020999999999994,
9.82099999999999,
44.98100000000002,
43.55,
62.07200000000005,
10.328999999999994,
7.410999999999988,
56.66800000000001,
29.196000000000023,
44.82800000000004,
66.83200000000008,
16.869000000000018,
5.800000000000001,
8.797999999999986,
33.59799999999996,
13.695000000000023,
67.05399999999993,
48.513999999999996,
76.38400000000007,
70.52899999999997,
22.18900000000001,
13.900000000000013,
37.47300000000001,
67.29900000000004,
64.63800000000009,
73.2359999999999,
15.175000000000022,
48.799000000000085,
69.59400000000002,
30.51699999999998,
19.454000000000022,
70.11700000000008,
7.398999999999988,
5.800000000000001,
33.01800000000003,
71.30000000000007,
52.45999999999993,
47.40700000000005,
30.217999999999964,
56.64699999999998,
8.409999999999988,
50.86299999999999,
70.32199999999997,
21.824999999999985,
6.642000000000008,
44.683,
67.42699999999991,
36.958,
23.98500000000003,
20.329999999999984,
11.231000000000012,
69.24599999999997,
64.243,
51.69400000000003,
10.091000000000012,
69.98799999999993,
63.53899999999998,
30.899999999999967,
19.041999999999994,
7.294999999999991,
22.418999999999965,
42.42100000000004,
48.599,
71.27999999999993,
17.09100000000001,
7.432999999999992,
6.700000000000005,
69.7209999999999,
52.537000000000035,
45.60199999999999,
72.66600000000012,
21.01100000000001,
29.978000000000034,
64.71299999999994,
55.07900000000004,
44.034999999999954,
62.02100000000002,
43.015000000000015,
14.21700000000002,
17.985999999999997,
34.907999999999966,
18.76700000000001,
69.7039999999999,
8.466999999999995,
19.284999999999982,
50.36400000000004,
36.286999999999956,
60.248999999999924,
18.801999999999975,
64.69900000000004,
42.69799999999996,
30.430000000000035,
20.980000000000004,
40.91400000000001,
13.371000000000004,
30.869000000000028,
62.735000000000056,
26.85000000000002,
12.461000000000002,
46.32400000000001,
74.83699999999997,
66.22899999999993,
72.46500000000002,
24.048,
45.64200000000001,
49.882999999999974,
43.70099999999996,
7.749000000000003,
73.29899999999998,
44.671000000000056,
46.69599999999995,
60.93599999999998,
43.44100000000003,
60.88299999999993,
19.577999999999975,
68.8629999999999,
17.34699999999999,
70.02299999999998,
9.72100000000001,
48.699999999999925,
68.70099999999992,
21.10000000000002,
10.658000000000001,
38.12299999999994,
41.58599999999994,
24.59499999999996,
43.986999999999995,
35.54400000000001,
18.775999999999986,
40.26600000000006,
66.49699999999997,
52.295999999999985,
63.96100000000002,
11.336999999999989,
66.98499999999991,
15.221000000000018,
34.06999999999997,
35.346999999999966,
61.81499999999997,
77.54299999999994,
70.88799999999996,
27.904,
51.69100000000001,
39.360000000000035,
42.56499999999997,
13.989,
59.142999999999994,
60.549999999999955,
44.77800000000005,
79.63599999999991,
36.52200000000004,
18.12999999999998,
72.82699999999991,
6.6090000000000115,
15.72200000000001,
10.595000000000011,
19.450000000000024,
47.795000000000016,
18.47600000000001,
27.49399999999996,
77.66800000000008,
44.79100000000004,
14.27999999999998,
69.63100000000007,
11.807999999999986,
32.42900000000002,
37.41200000000004,
67.43999999999997,
15.410000000000007,
69.15000000000009,
62.44900000000003,
67.27400000000006,
61.204999999999934,
26.58299999999997,
25.91299999999997,
20.162999999999965,
23.401000000000014,
66.53700000000005,
32.40600000000003,
55.12300000000004,
24.407000000000036,
8.296999999999986,
55.48999999999997,
58.85500000000005,
25.15999999999999,
7.2349999999999985,
34.98900000000001,
46.79100000000007,
38.60999999999994,
19.511,
7.11500000000001,
52.54800000000003,
19.09999999999997,
26.89200000000002,
67.20099999999991,
16.718999999999983,
63.62900000000003,
64.5860000000001,
29.49200000000003,
11.779999999999983,
46.29000000000005,
71.06099999999995,
71.29999999999993,
12.691000000000017,
38.86800000000006,
51.10299999999994,
47.102,
20.534999999999986,
64.87100000000005,
5.799000000000001,
62.19499999999994,
27.27700000000003,
67.96099999999994,
75.16799999999995,
46.924,
20.174000000000024,
12.038000000000004,
57.29899999999994,
58.22699999999993,
72.93600000000005,
29.82399999999997,
77.86099999999992,
65.95300000000003,
20.253999999999973,
58.545999999999964,
56.43700000000004,
9.700000000000017,
6.708000000000003,
38.464000000000006,
43.859999999999985,
43.13399999999998,
11.329999999999991,
66.98200000000008,
67.447,
7.7140000000000075,
7.705000000000008,
17.776999999999976,
41.23999999999997,
24.268,
55.001,
5.897999999999989,
17.205000000000016,
25.13999999999999,
32.14699999999999,
76.99299999999998,
7.399999999999988,
25.230999999999998,
26.451000000000032,
5.800000000000001,
21.85800000000004,
21.55299999999997,
25.728999999999996,
62.81100000000011,
33.206999999999965,
24.291999999999998,
36.37699999999998,
31.819999999999983,
30.478000000000016,
5.704999999999997,
44.89599999999998,
9.612000000000016,
15.318000000000016,
44.06700000000001,
15.507999999999996,
68.69799999999998,
17.967999999999996,
18.41400000000003,
22.702999999999996,
74.20299999999992,
6.701000000000004,
61.13399999999993,
45.320000000000064,
45.820000000000064,
40.20900000000007,
20.80799999999998,
33.65199999999996,
70.01400000000008,
9.792999999999992,
36.969999999999985,
19.706000000000017,
69.7900000000001,
70.25800000000002,
28.606999999999957,
5.800000000000001,
15.22800000000002,
49.52699999999999,
19.801999999999968,
78.60500000000012,
41.39000000000004,
67.45799999999993,
6.415999999999989,
67.15200000000006,
71.2590000000001,
60.96699999999998,
58.263000000000076,
6.0009999999999994,
36.88900000000005,
63.047000000000054,
69.36899999999993,
28.541999999999994,
41.150999999999996,
52.464000000000006,
6.343999999999994,
73.58500000000012,
34.38600000000002,
42.12000000000003,
16.685000000000024,
35.20899999999996,
43.00299999999999,
12.040999999999999,
30.007999999999992,
19.77499999999999,
7.399999999999988,
8.798999999999985,
80.12800000000007,
38.88299999999996,
13.679000000000013,
39.427000000000035,
58.772999999999946,
43.530999999999985,
22.212,
61.351000000000056,
25.622999999999976,
19.659000000000013,
18.768999999999973,
48.62999999999998,
73.018,
45.739999999999945,
13.319999999999991,
13.873000000000005,
8.70700000000001,
22.676000000000002,
67.53200000000004,
72.25899999999992,
31.504999999999992,
13.311999999999985,
19.296000000000028,
19.90000000000003,
30.29600000000004,
66.88600000000002,
29.160000000000004,
22.352999999999994,
18.343000000000025,
11.550000000000002,
41.973,
24.04800000000003,
37.598999999999954,
60.12100000000007,
59.19400000000006,
51.872999999999976,
10.70200000000002,
44.21500000000004,
54.90999999999994,
21.729000000000013,
41.013999999999996,
70.8980000000001,
12.244999999999983,
26.65999999999999,
8.581000000000012,
67.99999999999999,
14.987000000000005,
15.909000000000017,
24.63899999999996,
70.07699999999996,
64.48899999999993,
19.10599999999997,
50.54900000000001,
28.951000000000008,
46.382000000000005,
59.61999999999996,
24.01599999999998,
66.8029999999999,
29.96500000000002,
54.987999999999985,
25.049999999999997,
47.29000000000003,
43.61699999999996,
38.992000000000004,
18.322999999999986,
36.61900000000001,
57.893000000000086,
73.97300000000001,
24.798000000000012,
60.68999999999989,
21.622999999999976,
16.536000000000005,
70.19299999999994,
7.3019999999999925,
30.800000000000036,
10.07200000000001,
59.91400000000006,
74.50299999999997,
24.338999999999995,
42.62699999999996,
69.16199999999992,
15.74700000000002,
8.099000000000013,
70.59400000000007,
64.02700000000006,
8.825999999999986,
65.6200000000001,
18.401000000000018,
31.97600000000004,
36.117,
52.77600000000009,
45.044000000000004,
38.50499999999998,
63.676000000000066,
61.24300000000007,
59.499000000000045,
45.40500000000006,
65.39200000000007,
39.447000000000045,
5.998999999999999,
43.90399999999997,
73.1929999999999,
18.797999999999973,
59.661,
70.71599999999992,
39.69399999999993,
71.98500000000001,
72.52399999999994,
31.303000000000033,
72.94900000000011,
11.234000000000014,
18.39700000000002,
78.43400000000007,
28.76400000000001,
72.80900000000008,
30.497000000000003,
15.928000000000015,
17.666999999999984,
43.85800000000001,
13.703000000000022,
20.977000000000004,
21.166000000000018,
11.023000000000001,
12.80199999999998,
11.13000000000001,
17.525,
25.001999999999963,
71.42599999999995,
45.59699999999999,
61.47100000000006,
21.987000000000027,
5.60000000000001,
66.38800000000008,
18.496,
7.2140000000000075,
46.867,
14.713000000000022,
58.61999999999995,
40.495999999999995,
73.01699999999994,
13.606999999999998,
42.15599999999995,
26.840999999999966,
72.62500000000006,
45.171999999999926,
67.74799999999993,
49.72099999999998,
71.34999999999994,
43.577999999999975,
70.45900000000006,
24.774,
65.15399999999991,
8.18900000000001,
23.05,
7.1930000000000085,
72.35699999999991,
55.6,
54.70899999999992,
34.78000000000005,
6.700000000000005,
17.42600000000002,
43.434000000000026,
63.777000000000086,
24.40100000000002,
16.923000000000012,
48.431000000000004,
45.43599999999998,
32.17899999999995,
30.90500000000004,
16.717000000000017,
6.701000000000004,
68.098,
70.85699999999991,
45.113999999999976,
58.00299999999999,
28.21000000000002,
48.82199999999999,
67.45299999999999,
24.069999999999972,
23.12900000000001,
24.582999999999966,
23.34700000000003,
6.0260000000000025,
42.11499999999997,
61.257999999999946,
69.1700000000001,
36.39699999999996,
45.440999999999995,
21.158999999999974,
8.289999999999988,
10.297999999999984,
70.45,
63.479999999999926,
42.098999999999975,
23.331999999999994,
19.343999999999976,
8.592000000000013,
19.87300000000002,
23.01200000000003,
41.41500000000002,
19.953,
12.184000000000017,
27.698999999999984,
8.096000000000014,
46.59699999999998,
64.96999999999991,
69.80499999999992,
46.33900000000001,
72.68999999999991,
70.94399999999995,
35.21199999999995,
13.643999999999995,
69.69099999999992,
70.94699999999996,
74.74100000000008,
44.691999999999936,
17.331999999999987,
39.841000000000044,
18.588999999999974,
69.48500000000006,
22.771000000000026,
7.396999999999987,
19.801999999999968,
21.38400000000003,
54.48299999999998,
9.167000000000014,
74.77799999999993,
28.419000000000025,
30.78900000000002,
46.062999999999995,
6.725000000000003,
38.68799999999993,
43.358000000000004,
22.588999999999974,
71.15099999999991,
45.36100000000002,
40.84900000000004,
64.448,
64.878,
8.704000000000011,
39.985000000000035,
59.837000000000046,
68.7850000000001,
51.992,
28.652999999999974,
12.995000000000003,
12.373000000000001,
22.403000000000002,
9.597000000000014,
37.471,
19.666000000000018,
75.1620000000001,
64.08700000000003,
20.85399999999998,
34.50199999999995,
5.83,
30.846000000000032,
9.600000000000016,
21.277999999999988,
10.206000000000016,
68.49499999999999,
6.172000000000005,
20.023999999999987,
73.37899999999989,
13.815999999999981,
14.187000000000019,
62.23699999999996,
14.896000000000017,
71.38799999999998,
52.82700000000006,
69.7900000000001,
56.750999999999955,
42.29000000000003,
10.010000000000002,
41.37300000000007,
42.954999999999984,
14.987999999999994,
16.740999999999996,
16.398000000000017,
26.550999999999984,
13.597999999999987,
73.72300000000008,
14.966000000000003,
26.055999999999994,
58.31999999999999,
49.549,
76.32700000000006,
17.737000000000016,
61.21000000000007,
6.903999999999988,
67.83600000000003,
64.66099999999993,
51.92799999999997,
67.08499999999991,
68.49999999999999,
32.724999999999966,
72.7050000000001,
6.701000000000005,
38.29300000000004,
45.85200000000003,
45.60699999999998,
6.6040000000000125,
25.769000000000005,
73.65199999999993,
14.787999999999984,
77.70099999999998,
17.088999999999984,
52.28500000000005,
71.78600000000007,
21.34999999999998,
45.82600000000006,
45.36100000000002,
56.83800000000003,
60.059000000000054,
67.0530000000001,
6.938999999999992,
48.609000000000016,
78.85600000000001,
58.60000000000003,
45.115999999999985,
72.68099999999995,
43.492000000000004,
46.303000000000054,
18.021000000000004,
24.297000000000004,
30.78700000000002,
9.517000000000003,
70.9600000000001,
28.71900000000001,
47.38999999999999,
15.31199999999998,
19.25400000000001,
18.719000000000015,
70.18899999999991,
38.004,
68.90100000000007,
71.8849999999999,
16.474000000000018,
13.430000000000012,
13.751999999999985,
67.40999999999997,
62.25899999999996,
26.10599999999998,
32.64899999999996,
9.031000000000002,
66.14900000000007,
27.256999999999977,
24.870000000000033,
73.01099999999995,
19.996999999999993,
44.868,
66.32199999999997,
47.257999999999946,
40.767000000000024,
23.572999999999976,
31.28300000000003,
9.600000000000016,
44.97300000000002,
25.20899999999999,
43.92199999999997,
50.267000000000046,
34.82600000000006,
68.93699999999993,
38.34600000000001,
68.55299999999998,
19.10299999999999,
14.95000000000001,
45.012999999999984,
59.12000000000005,
31.62899999999996,
60.99899999999996,
36.88900000000005,
18.70100000000003,
70.86700000000005,
44.39199999999998,
59.42999999999996,
58.399000000000086,
58.66800000000005,
48.405,
20.196000000000012,
45.22099999999993,
61.31900000000005,
53.696999999999996,
42.21999999999994,
28.26899999999999,
67.25399999999993,
29.92100000000005,
45.26000000000005,
75.53200000000008,
60.263000000000105,
46.03199999999999,
20.049999999999972,
24.441999999999997,
70.26300000000008,
5.59900000000001,
42.50100000000001,
13.77199999999998,
25.617999999999974,
39.998,
31.04399999999998,
6.994999999999999,
48.67099999999996,
65.16700000000003,
19.905000000000033,
70.7139999999999,
26.58499999999997,
32.49100000000001,
27.765000000000022,
71.89900000000007,
50.912,
73.99400000000004,
13.877000000000004,
13.797999999999977,
69.91699999999993,
45.08599999999997,
69.57200000000006,
45.495999999999995,
32.235000000000035,
74.56199999999998,
68.75300000000009,
72.89999999999989,
48.607,
52.122000000000014,
71.0200000000001,
68.523,
66.44199999999998,
65.47799999999998,
71.99899999999998,
53.59400000000001,
19.79999999999997,
62.772999999999904,
76.1339999999999,
25.539000000000023,
36.196999999999946,
33.30500000000002,
8.409999999999988,
21.611999999999977,
38.00400000000003,
22.71499999999998,
28.01,
64.34699999999997,
37.56299999999996,
15.304999999999977,
72.36199999999994,
13.050999999999998,
19.22900000000002,
19.617999999999988,
22.208000000000016,
39.505,
62.829999999999934,
75.75099999999993,
65.15399999999994,
6.40199999999999,
59.227999999999994,
73.6490000000001,
67.17800000000005,
74.11999999999992,
18.228000000000012,
37.15299999999995,
37.80600000000005,
63.86799999999997,
77.50400000000005,
68.53199999999993,
24.234999999999996,
75.71500000000002,
30.570999999999966,
66.76200000000004,
11.419999999999998,
25.26000000000001,
8.964999999999998,
71.20100000000005,
36.586999999999975,
36.01599999999999,
24.32100000000001,
23.441000000000027,
47.34600000000004,
45.69599999999991,
44.868000000000066,
14.993000000000004,
17.400000000000013,
76.05200000000002,
48.601000000000006,
23.447,
22.117999999999967,
6.466999999999996,
5.800000000000001,
25.45300000000001,
6.700000000000005,
41.66199999999995,
6.163000000000003,
30.506,
73.23300000000008,
44.25899999999995,
44.286000000000065,
24.819000000000013,
51.82800000000001,
13.79299999999998,
16.34299999999999,
44.37900000000001,
68.9009999999999,
6.658000000000004,
70.80699999999987,
41.84599999999994,
9.56600000000001,
71.40600000000002,
74.74500000000008,
74.04700000000008,
70.21299999999994,
21.734,
18.503999999999998,
5.800000000000001,
73.28799999999993,
40.23400000000002,
42.12099999999996,
46.888000000000005,
8.507,
13.387000000000006,
45.554,
56.267000000000024,
31.877000000000038,
69.30900000000011,
12.168000000000012,
57.28800000000001,
66.11300000000007,
9.282999999999985,
35.474000000000025,
69.72599999999989,
25.15499999999997,
23.753999999999998,
19.0,
29.19499999999998,
65.44599999999997,
39.18699999999993,
60.80600000000005,
29.047999999999984,
43.32000000000003,
45.66099999999992,
40.07899999999995,
9.605000000000016,
52.71799999999995,
22.283000000000005,
59.652000000000044,
73.37100000000005,
31.187999999999967,
7.405999999999988,
9.719000000000012,
74.20500000000008,
19.887000000000025,
13.025000000000002,
30.97499999999997,
47.45599999999999,
14.137999999999991,
62.004000000000026,
55.340000000000046,
63.748000000000076,
69.85199999999995,
18.840999999999983,
54.128,
33.577000000000034,
39.234999999999985,
40.397000000000055,
26.25699999999999,
24.216000000000005,
65.73799999999993,
71.65700000000011,
29.621999999999968,
43.40800000000004,
15.811999999999985,
13.238000000000008,
25.087999999999994,
62.04999999999999,
18.309999999999988,
46.867,
53.65400000000005,
19.478000000000005,
64.71399999999998,
36.026,
32.53399999999998,
70.04299999999995,
47.152999999999935,
65.31399999999994,
81.85500000000012,
34.562999999999946,
6.900999999999989,
10.567000000000007,
17.31299999999998,
59.57900000000002,
13.80899999999998,
46.44299999999999,
79.68500000000009,
14.112999999999989,
69.04100000000007,
40.10599999999997,
45.23200000000003,
38.42400000000004,
68.7850000000001,
46.309000000000054,
57.036000000000016,
69.86400000000009,
68.49999999999999,
11.846999999999998,
30.90300000000004,
65.79700000000004,
28.359000000000016,
9.699000000000018,
64.59700000000007,
19.79999999999997,
67.51799999999997,
19.913999999999998,
14.885000000000012,
18.24900000000002,
51.823999999999984,
13.594999999999992,
70.16200000000002,
65.11400000000005,
56.64099999999992,
15.98,
45.896,
19.235000000000014,
66.10899999999995,
7.496999999999999,
54.91600000000001,
66.17899999999996,
6.913999999999988,
25.186999999999983,
12.653999999999995,
41.79600000000001,
26.405000000000005,
6.973999999999995,
14.07399999999999,
64.59500000000001,
35.81800000000003,
54.26899999999995,
10.06700000000001,
19.74499999999998,
74.2389999999999,
18.771999999999984,
15.600000000000005,
21.556999999999974,
33.671999999999976,
46.09500000000002,
23.868000000000023,
52.14900000000002,
65.38199999999996,
54.78200000000006,
29.453000000000035,
78.76699999999988,
14.736000000000013,
18.73799999999998,
26.48099999999999,
55.17199999999999,
18.789999999999974,
72.49599999999994,
52.90199999999999,
50.080999999999996,
26.90299999999996,
45.77800000000005,
45.334999999999994,
69.94200000000006,
49.724999999999966,
45.36100000000002,
76.66699999999993,
35.108999999999945,
21.468000000000007,
27.007,
64.20499999999996,
48.102,
7.3769999999999865,
7.398999999999988,
14.66999999999998,
74.84099999999991,
51.45700000000001,
76.64899999999993,
44.60199999999998,
19.79999999999997,
47.87999999999999,
31.15099999999999,
13.401000000000005,
67.57099999999994,
18.469999999999995,
17.829999999999988,
30.428,
17.920000000000023,
11.949000000000003,
57.59100000000006,
6.528000000000003,
73.13600000000008,
34.42100000000001,
7.275000000000001,
60.894999999999946,
11.725000000000014,
35.32900000000003,
22.085999999999967,
65.74800000000008,
20.08799999999998,
41.36700000000003,
40.05999999999996,
10.630000000000011,
8.698000000000011,
22.183000000000007,
26.064999999999984,
59.974000000000004,
76.1880000000001,
53.08900000000001,
21.270999999999987,
29.78300000000003,
76.11800000000011,
48.59299999999998,
61.03900000000002,
31.479000000000006,
33.53299999999998,
68.92699999999991,
13.608999999999995,
27.860000000000035,
70.21699999999997,
8.798999999999985,
30.479000000000028,
48.784000000000034,
15.328999999999983,
34.153999999999954,
5.6030000000000095,
18.78099999999997,
11.109000000000007,
49.599999999999945,
39.12999999999994,
50.87600000000005,
67.63900000000004,
35.492000000000004,
42.67999999999994,
27.627000000000024,
14.104999999999995,
26.412000000000045,
44.54299999999998,
71.09600000000006,
60.85600000000009,
73.411,
44.42300000000002,
45.06399999999999,
44.90600000000002,
10.100000000000016,
6.178000000000002,
75.16299999999987,
60.438999999999936,
78.50999999999995,
68.30400000000004,
16.17000000000002,
49.94399999999994,
56.17199999999994,
32.397999999999996,
5.89599999999999,
19.584999999999983,
70.09999999999991,
70.58299999999994,
76.14000000000006,
61.549,
39.905000000000065,
17.233999999999977,
48.89699999999999,
19.698000000000025,
61.181000000000076,
58.90599999999993,
69.20800000000001,
35.21799999999995,
70.1899999999999,
13.360000000000003,
6.700000000000005,
66.80400000000004,
7.191000000000008,
16.539000000000023,
61.82900000000006,
16.151000000000014,
66.96100000000003,
54.54400000000003,
70.95600000000002,
35.76400000000004,
39.50100000000006,
72.61700000000006,
10.211000000000015,
42.40400000000004,
18.815999999999978,
30.08499999999995,
18.794999999999973,
27.858,
15.114999999999991,
22.773999999999997,
61.47200000000004,
7.398999999999988,
68.80700000000004,
8.564000000000009,
67.63699999999993,
9.703000000000014,
59.048999999999985,
25.866000000000003,
12.360000000000005,
45.321999999999946,
56.86500000000007,
46.65599999999998,
11.443999999999994,
19.670000000000012,
18.18499999999999,
24.529999999999987,
39.98500000000001,
67.1539999999999,
51.74500000000001,
67.23099999999994,
42.57899999999997,
13.705000000000023,
7.396999999999988,
24.905000000000037,
9.299999999999985,
36.92800000000002,
64.359,
17.478,
63.055,
74.64799999999997,
18.89800000000003,
63.55300000000007,
75.62400000000008,
6.703000000000003,
69.70899999999989,
9.840999999999994,
10.923999999999992,
46.38300000000001,
27.575999999999993,
47.0,
24.221999999999994,
24.99400000000001,
63.10700000000003,
44.694999999999936,
24.909000000000038,
45.51400000000002,
73.95099999999998,
9.624000000000017,
65.55300000000001,
71.81199999999991,
7.121000000000012,
18.70100000000003,
6.127000000000006,
19.201000000000025,
60.51699999999997,
46.46900000000001,
71.70399999999994,
26.028,
6.753999999999998,
60.780000000000065,
66.47100000000006,
48.60799999999999,
6.8119999999999985,
15.597999999999995,
52.868,
78.918,
30.800000000000047,
79.59900000000003,
62.85399999999995,
65.22600000000006,
17.63100000000002,
34.89200000000006,
7.041000000000004,
43.66900000000003,
19.130999999999982,
38.69399999999993,
44.46300000000001,
16.506000000000004,
54.836000000000055,
18.072999999999976,
19.380000000000017,
64.52299999999993,
54.88599999999996,
26.745999999999995,
27.604999999999972,
54.55499999999996,
24.57199999999996,
44.49099999999998,
65.57799999999997,
72.492,
31.757999999999985,
7.2989999999999915,
63.18300000000006,
31.624999999999954,
74.40799999999999,
42.275000000000034,
13.790999999999979,
45.125999999999976,
39.43200000000001,
53.507000000000005,
60.87000000000009,
18.807999999999986,
5.800000000000001,
35.793000000000035,
66.94699999999997,
42.45399999999996,
22.028999999999986,
66.33900000000003,
23.273999999999997,
41.37100000000006,
28.157999999999973,
49.220000000000006,
11.597000000000003,
78.03299999999993,
61.003000000000064,
28.46500000000002,
17.302999999999983,
11.401999999999994,
33.36400000000002,
60.367999999999974,
71.567,
20.074999999999974,
41.109999999999985,
76.61900000000006,
56.81800000000009,
48.32900000000007,
19.35199999999998,
52.04600000000004,
6.705000000000007,
73.7659999999999,
16.247000000000018,
14.909000000000015,
70.23799999999991,
66.8839999999999,
67.17200000000005,
7.207000000000004,
36.09999999999995,
31.073999999999955,
19.20700000000001,
48.81599999999994,
67.034,
46.22800000000003,
46.59800000000003,
37.79299999999996,
18.446000000000012,
74.61600000000007,
80.2930000000001,
15.036000000000001,
44.60000000000001,
61.18000000000007,
15.507000000000007,
31.630999999999958,
40.572999999999965,
41.467000000000006,
30.27700000000003,
53.03499999999999,
72.73699999999994,
45.19199999999994,
75.97500000000002,
73.78100000000003,
57.97099999999997,
73.01900000000006,
60.38599999999997,
46.385000000000026,
60.23999999999992,
65.0950000000001,
74.50699999999989,
28.878000000000025,
37.69099999999995,
30.317000000000036,
16.274000000000015,
22.07699999999997,
16.704000000000015,
16.61499999999998,
35.36600000000003,
72.32599999999992,
17.03699999999999,
13.470000000000002,
12.318,
6.524000000000002,
44.30200000000003,
50.924,
18.023000000000003,
38.024999999999984,
46.961000000000006,
8.774999999999997,
66.63699999999996,
58.86100000000005,
13.933000000000007,
49.549,
22.29599999999998,
18.109999999999975,
40.786999999999956,
68.55299999999995,
70.33599999999991,
24.77,
6.749000000000002,
7.399999999999988,
19.796999999999972,
6.6760000000000055,
39.905000000000065,
35.795999999999964,
68.75099999999998,
37.420999999999964,
33.14199999999997,
10.035000000000005,
60.794999999999945,
7.317999999999989,
62.94299999999996,
79.30700000000009,
69.79000000000005,
21.311999999999976,
7.413999999999988,
42.032999999999994,
45.20799999999996,
57.88400000000004,
67.31100000000002,
10.91899999999999,
9.597000000000014,
62.816000000000074,
19.33799999999998,
18.90500000000002,
16.550000000000026,
45.281000000000056,
64.30400000000007,
14.398000000000007,
46.34900000000006,
60.89399999999995,
21.490999999999982,
49.196999999999996,
49.48800000000003,
59.84600000000006,
27.402000000000047,
68.62699999999997,
43.12599999999997,
26.74299999999998,
70.97699999999999,
39.567000000000036,
17.630999999999975,
