[6.009692],
[45.416496],
[64.030174],
[78.58478],
[9.013473],
[20.109158],
[17.380564],
[48.865086],
[41.745487],
[9.1635685],
[59.41469],
[6.609952],
[59.741554],
[70.19557],
[37.46549],
[69.819046],
[26.915377],
[7.0154266],
[52.96373],
[62.875797],
[35.086945],
[9.972555],
[58.97988],
[7.2091274],
[73.20114],
[18.02858],
[75.14556],
[44.074593],
[45.40162],
[38.66934],
[14.315132],
[52.77599],
[17.889221],
[58.539467],
[16.433874],
[28.329107],
[30.626236],
[58.36478],
[16.872559],
[7.1231327],
[6.6486826],
[76.11905],
[52.282692],
[15.899998],
[20.744892],
[65.884926],
[21.985765],
[6.0499353],
[42.921345],
[6.667278],
[44.869625],
[29.283983],
[79.362206],
[16.603626],
[54.97372],
[43.007717],
[32.374645],
[16.001139],
[15.705242],
[8.611871],
[13.771219],
[17.885452],
[70.53608],
[45.694256],
[41.362526],
[61.68591],
[7.2573094],
[46.83018],
[66.91193],
[42.301548],
[42.26485],
[13.896453],
[8.959595],
[63.897915],
[61.79694],
[70.09155],
[7.613266],
[61.169975],
[62.41615],
[53.012184],
[43.67672],
[75.13387],
[5.928051],
[36.537903],
[65.05064],
[38.797276],
[19.370092],
[9.128366],
[57.891827],
[12.282467],
[65.517815],
[45.616737],
[44.098797],
[35.785946],
[59.605087],
[9.159051],
[41.492912],
[55.05171],
[28.866539],
[69.284996],
[50.420105],
[5.6300983],
[46.135105],
[77.19061],
[44.953674],
[38.639767],
[18.424461],
[7.3940954],
[18.397846],
[41.685535],
[64.43067],
[24.253366],
[20.611303],
[30.161848],
[67.91274],
[45.66863],
[70.60668],
[36.193256],
[70.30853],
[35.216747],
[74.131676],
[25.44176],
[70.039024],
[51.78085],
[59.01713],
[19.76383],
[17.04091],
[68.77977],
[5.9690914],
[56.928066],
[24.984581],
[31.075558],
[12.74762],
[62.90102],
[40.30205],
[11.998045],
[48.674603],
[21.965046],
[69.43142],
[30.569452],
[14.233009],
[44.825153],
[40.738445],
[24.067818],
[71.808586],
[53.635334],
[23.939796],
[13.985624],
[41.677876],
[38.52399],
[44.7442],
[30.685383],
[46.385643],
[70.4468],
[9.300173],
[16.143202],
[31.299356],
[30.594791],
[16.453918],
[41.001568],
[66.354774],
[25.227522],
[45.146572],
[58.7739],
[20.654345],
[41.31558],
[10.166542],
[7.255022],
[18.550856],
[22.365158],
[57.516464],
[29.941566],
[73.56913],
[68.88819],
[70.33392],
[20.751976],
[8.109628],
[63.860874],
[68.4644],
[72.78019],
[14.481091],
[65.537544],
[64.048485],
[72.72197],
[79.32599],
[41.736904],
[13.737349],
[7.015128],
[71.22349],
[60.148476],
[18.926487],
[20.586945],
[35.482784],
[42.500805],
[53.60858],
[63.84705],
[17.355356],
[38.149174],
[41.56577],
[63.763996],
[46.348354],
[23.347841],
[63.607777],
[44.59243],
[43.277267],
[46.28194],
[77.233894],
[34.95664],
[69.7093],
[63.268333],
[56.750183],
[75.11196],
[23.16787],
[38.116306],
[70.18037],
[6.905813],
[17.492268],
[44.363693],
[34.598774],
[50.476505],
[66.61146],
[50.481247],
[69.02738],
[55.066685],
[23.759201],
[12.132055],
[64.53557],
[14.879581],
[46.009167],
[47.25826],
[15.981371],
[52.812588],
[45.042904],
[19.307446],
[43.32257],
[33.14159],
[42.42623],
[43.988438],
[45.12418],
[30.975769],
[70.190254],
[22.162525],
[16.939135],
[19.284462],
[14.805223],
[53.609367],
[49.18288],
[50.743908],
[39.634533],
[5.740251],
[54.80601],
[55.8813],
[20.485058],
[30.298054],
[66.418144],
[42.18405],
[61.251762],
[43.752235],
[7.384714],
[41.14934],
[12.360955],
[41.61096],
[51.207592],
[74.303215],
[50.17796],
[67.1981],
[24.94013],
[18.932842],
[77.08843],
[72.047585],
[56.996372],
[18.238804],
[48.703037],
[41.827023],
[58.94981],
[16.404102],
[17.106632],
[12.797235],
[14.823951],
[71.821205],
[68.2942],
[14.848354],
[70.428375],
[26.458956],
[65.197754],
[21.804665],
[27.61403],
[16.82882],
[35.149563],
[45.052937],
[16.268791],
[18.57927],
[7.117181],
[16.26665],
[19.288721],
[16.536661],
[9.853065],
[5.6041284],
[62.067814],
[53.209118],
[72.58254],
[52.590282],
[7.4976244],
[20.090076],
[61.155506],
[14.824509],
[69.52293],
[44.01167],
[8.540863],
[68.6765],
[42.64453],
[13.7058525],
[67.73725],
[46.330524],
[45.003544],
[62.1601],
[69.16854],
[64.83756],
[59.422794],
[10.865102],
[27.259388],
[11.5905695],
[45.745274],
[30.536442],
[70.70168],
[78.61681],
[68.75375],
[6.920836],
[54.805965],
[64.71625],
[18.133068],
[34.08521],
[48.198013],
[20.040783],
[50.63834],
[30.157253],
[51.260265],
[66.501465],
[44.452923],
[71.01374],
[48.786373],
[45.814785],
[21.062885],
[71.4432],
[33.113373],
[21.140438],
[9.208613],
[59.025665],
[20.285038],
[18.36333],
[32.06161],
[47.916378],
[48.90241],
[15.226707],
[36.56152],
[38.24336],
[8.034547],
[37.117504],
[37.70377],
[8.709109],
[38.77971],
[14.250799],
[29.398561],
[41.67382],
[48.318367],
[26.341562],
[11.984614],
[45.46423],
[5.69441],
[18.433702],
[9.726313],
[48.772236],
[40.960102],
[13.418852],
[7.1223297],
[24.79169],
[64.18531],
[35.459446],
[18.707218],
[44.047382],
[10.055554],
[26.270924],
[37.17605],
[35.542324],
[9.059836],
[35.97876],
[44.49454],
[38.527874],
[67.3148],
[72.14489],
[70.32274],
[9.013701],
[15.217739],
[13.470405],
[25.937471],
[10.880991],
[41.527737],
[71.42066],
[37.06714],
[5.7696266],
[34.905025],
[38.2103],
[18.97263],
[47.33015],
[24.119598],
[13.023891],
[5.7205143],
[69.73099],
[59.40266],
[21.84921],
[18.298662],
[58.897068],
[42.730633],
[6.886209],
[16.143574],
[48.70048],
[26.64893],
[43.307865],
[29.365967],
[48.683285],
[69.54998],
[70.7848],
[71.352196],
[23.369568],
[10.486208],
[68.145164],
[62.922657],
[45.438427],
[26.736145],
[71.34857],
[5.6776114],
[44.12685],
[71.59472],
[24.986607],
[7.1495905],
[71.08703],
[66.8642],
[71.97984],
[69.67653],
[20.215023],
[49.56112],
[61.917812],
[72.62626],
[61.054684],
[45.03593],
[69.653496],
[19.272728],
[27.94727],
[64.63349],
[41.625835],
[41.851505],
[23.100962],
[76.43743],
[75.26498],
[52.076366],
[47.97122],
[72.9213],
[11.028324],
[18.972208],
[16.05292],
[66.43134],
[43.966984],
[36.697845],
[69.17734],
[68.50262],
[45.419212],
[47.35139],
[34.604725],
[59.40984],
[34.671947],
[71.51676],
[52.424404],
[54.344326],
[15.622232],
[42.736248],
[6.3400145],
[68.836006],
[35.038006],
[38.30839],
[19.047745],
[45.363667],
[70.209526],
[42.11887],
[74.256226],
[70.144424],
[68.57707],
[33.645245],
[42.867283],
[68.440186],
[19.53659],
[7.3437834],
[45.445065],
[48.707985],
[61.06916],
[10.877332],
[72.37059],
[24.940628],
[17.354649],
[68.657936],
[6.777246],
[16.171114],
[59.995758],
[12.603507],
[64.228645],
[71.349525],
[36.250656],
[72.533394],
[70.08819],
[46.09483],
[36.03168],
[19.421425],
[20.715801],
[38.885994],
[20.017935],
[47.88075],
[41.991352],
[76.31791],
[24.38269],
[36.407383],
[8.987447],
[62.046238],
[64.71251],
[34.91993],
[58.52992],
[7.029617],
[18.39132],
[68.56306],
[46.179657],
[42.398373],
[48.222942],
[47.33302],
[71.16386],
[10.851334],
[68.21728],
[49.165585],
[41.93219],
[33.265965],
[54.811184],
[38.60535],
[61.674427],
[67.619965],
[69.3962],
[5.581059],
[74.57724],
[20.210018],
[65.55786],
[27.276436],
[48.798855],
[41.39787],
[72.179115],
[11.398817],
[37.16048],
[52.254734],
[73.82102],
[69.5361],
[24.01081],
[75.70992],
[74.67102],
[6.0162096],
[41.852306],
[55.159317],
[64.35655],
[59.351616],
[77.320595],
[18.045134],
[30.238407],
[78.37],
[34.33601],
[60.824787],
[29.34459],
[47.62931],
[73.44976],
[27.452913],
[11.383874],
[18.293972],
[31.198235],
[69.68329],
[42.508156],
[9.8031],
[6.975947],
[38.023754],
[26.524647],
[23.582146],
[68.85242],
[46.665188],
[69.815025],
[66.65998],
[8.993761],
[44.353092],
[30.049864],
[65.34875],
[38.015324],
[21.806597],
[35.290295],
[13.3230095],
[18.505936],
[6.0136724],
[19.002384],
[71.69648],
[51.292946],
[65.95164],
[24.777992],
[51.17471],
[34.931725],
[59.244534],
[68.50309],
[22.33966],
[32.387707],
[65.825676],
[65.45959],
[24.280779],
[35.32738],
[32.867092],
[64.33565],
[45.597416],
[63.688572],
[69.34467],
[66.971664],
[47.097054],
[74.5796],
[22.059807],
[53.605877],
[60.87995],
[43.75703],
[56.66585],
[29.867352],
[23.655136],
[77.42233],
[24.627695],
[71.23448],
[43.70457],
[34.896416],
[21.14256],
[22.760908],
[9.083894],
[19.92039],
[71.34487],
[7.0290384],
[13.411745],
[69.10433],
[26.280605],
[75.086685],
[7.057219],
[76.8343],
[67.11203],
[8.987674],
[10.755854],
[73.33147],
[66.99618],
[33.813927],
[7.0060606],
[31.680386],
[66.37939],
[33.358425],
[65.44735],
[72.08834],
[6.839273],
[34.815086],
[68.52599],
[43.14634],
[15.357655],
[14.986805],
[18.168293],
[59.38142],
[17.620975],
[68.6973],
[11.333883],
[69.946266],
[42.132954],
[57.803806],
[71.73119],
[59.805492],
[41.084858],
[5.7110057],
[23.54762],
[17.47228],
[65.27635],
[7.648325],
[71.862434],
[62.917393],
[65.89452],
[69.55691],
[69.8992],
[75.478264],
[72.06652],
[28.9694],
[65.2735],
[18.491405],
[69.444756],
[18.41518],
[67.25454],
[34.30244],
[72.41393],
[77.97992],
[32.818012],
[72.68266],
[19.825996],
[43.535694],
[44.43154],
[59.783817],
[71.22057],
[57.595493],
[14.579924],
[17.788208],
[67.580864],
[70.8616],
[34.44668],
[59.117725],
[61.51608],
[21.582314],
[56.673275],
[44.21528],
[18.384537],
[72.33158],
[5.669443],
[63.75213],
[69.65011],
[21.053616],
[46.256603],
[15.552735],
[59.1135],
[5.899546],
[30.575863],
[44.608677],
[26.161322],
[24.712194],
[69.45268],
[47.215206],
[38.64716],
[47.635597],
[45.944023],
[67.78914],
[12.197188],
[58.78697],
[35.888996],
[8.154582],
[67.62289],
[32.52815],
[14.674398],
[40.430195],
[17.620968],
[11.298857],
[31.419508],
[30.173468],
[12.790162],
[42.05606],
[26.863407],
[28.41034],
[66.27333],
[63.21552],
[41.129738],
[41.214314],
[69.162056],
[62.5435],
[10.466451],
[13.7492485],
[72.01365],
[48.25668],
[71.191315],
[21.73968],
[68.293106],
[44.536617],
[48.703625],
[42.49207],
[31.813534],
[63.21425],
[54.639416],
[44.021965],
[18.163813],
[70.55684],
[10.398142],
[57.854626],
[25.889858],
[33.39085],
[13.880789],
[52.02991],
[48.522636],
[69.73456],
[7.6303215],
[15.684532],
[52.27782],
[11.477316],
[63.24944],
[48.686348],
[69.11295],
[45.997105],
[9.059836],
[16.263853],
[62.678707],
[15.432587],
[54.453815],
[57.853535],
[47.310184],
[69.3068],
[63.09361],
[7.5369782],
[44.958866],
[13.179763],
[44.26814],
[11.873619],
[8.625624],
[65.43574],
[41.646656],
[17.532242],
[40.800793],
[66.21455],
[36.70709],
[69.6211],
[42.16218],
[12.790904],
[42.46155],
[8.730284],
[69.75966],
[52.67013],
[45.649746],
[51.714527],
[5.876652],
[5.681501],
[43.41849],
[41.02409],
[43.634396],
[68.978836],
[45.602406],
[23.16883],
[43.501553],
[59.45297],
[61.09811],
[22.288568],
[48.236156],
[31.46157],
[41.642426],
[74.328316],
[20.946392],
[37.314022],
[19.91295],
[39.671284],
[7.23173],
[45.43649],
[67.06109],
[67.844765],
[54.660717],
[42.032215],
[14.632164],
[46.650345],
[58.626156],
[31.403166],
[52.296967],
[68.22318],
[42.03143],
[14.088145],
[38.606335],
[46.159496],
[13.817864],
[43.127853],
[7.174881],
[59.141136],
[44.65463],
[68.74438],
[22.034159],
[12.327876],
[62.545307],
[50.671085],
[11.642389],
[13.988466],
[69.71049],
[36.902843],
[40.74113],
[9.801071],
[55.652195],
[45.217384],
[42.19692],
[73.80999],
[59.591274],
[13.424081],
[54.699978],
[18.533861],
[10.795972],
[67.28492],
[36.020786],
[46.23026],
[71.16659],
[23.797134],
[60.05469],
[68.075615],
[32.75321],
[42.276543],
[66.275635],
[68.65641],
[35.063236],
[70.69759],
[22.179049],
[50.17089],
[39.414623],
[70.35964],
[69.63076],
[16.686531],
[29.877209],
[37.33867],
[34.287212],
[36.95046],
[18.410069],
[27.727066],
[7.2289762],
[18.5266],
[48.2875],
[19.081902],
[24.917973],
[46.809498],
[68.33025],
[39.029408],
[66.918205],
[66.0875],
[68.80498],
[52.92622],
[10.583035],
[60.92824],
[6.69431],
[48.157978],
[46.599316],
[72.78744],
[19.917988],
[63.0934],
[54.389507],
[43.657043],
[5.7092743],
[27.429161],
[61.802937],
[34.356243],
[62.39815],
[72.45083],
[38.84979],
[70.26601],
[69.61234],
[46.794525],
[42.74373],
[39.63029],
[66.08831],
[35.257236],
[62.499256],
[41.06384],
[41.782],
[38.970684],
[75.66017],
[16.466827],
[10.616327],
[51.251934],
[40.35572],
[59.846733],
[59.4375],
[24.412405],
[59.860886],
[18.708239],
[22.328592],
[64.02198],
[48.360596],
[31.133064],
[41.93721],
[43.801186],
[27.69764],
[30.808418],
[31.4907],
[18.906242],
[9.096008],
[38.74606],
[32.506603],
[7.31608],
[58.9639],
[25.888176],
[26.173134],
[23.625467],
[42.653637],
[50.693676],
[24.925003],
[61.346878],
[15.501965],
[19.788712],
[22.512413],
[27.0458],
[24.285013],
[15.527093],
[39.38736],
[62.084682],
[6.9202976],
[20.991198],
[43.195972],
[52.87538],
[70.75987],
[64.05954],
[46.768482],
[36.094177],
[13.656218],
[17.376991],
[54.919514],
[38.54231],
[54.72646],
[9.098716],
[7.536687],
[10.433229],
[77.757805],
[32.03947],
[20.099777],
[8.009409],
[52.97438],
[9.400026],
[60.900696],
[29.55954],
[48.013226],
[71.99384],
[25.505768],
[62.667362],
[70.64692],
[7.1858425],
[58.485027],
[22.408127],
[9.838474],
[13.30024],
[6.083457],
[7.538428],
[43.825825],
[49.816223],
[41.69454],
[36.11421],
[16.33353],
[62.429497],
[51.32819],
[51.782238],
[43.35877],
[15.833231],
[68.30957],
[20.836216],
[5.9844775],
[75.01009],
[69.961464],
[45.66279],
[23.615496],
[46.22827],
[69.73592],
[70.11029],
[16.832691],
[29.313185],
[31.802912],
[71.078354],
[36.39296],
[68.94373],
[59.127827],
[64.10517],
[13.518497],
[32.649803],
[60.910744],
[13.311253],
[55.65128],
[7.4972563],
[8.958487],
[14.090679],
[41.361816],
[67.92505],
[46.703167],
[46.36627],
[76.9996],
[41.351604],
[74.39135],
[68.515785],
[42.576427],
[24.441797],
[19.713617],
[29.95435],
[43.312572],
[50.25813],
[24.80571],
[9.163029],
[53.86509],
[64.23262],
[69.86402],
[10.482506],
[64.18261],
[59.724556],
[18.526764],
[14.836834],
[8.526416],
[21.022776],
[60.675198],
[60.775867],
[42.457947],
[10.479313],
[69.21476],
[64.788826],
[23.179379],
[75.42641],
[25.328514],
[69.64625],
[29.620031],
[69.40295],
[10.238583],
[36.41373],
[38.456993],
[70.960625],
[15.155959],
[44.494473],
[6.4356136],
[52.96712],
[54.41511],
[7.1737103],
[19.333427],
[47.754932],
[42.75749],
[25.494154],
[50.646744],
[34.880405],
[6.5550566],
[50.309643],
[68.30786],
[71.678566],
[74.415016],
[66.97195],
[40.857563],
[48.546818],
[19.121775],
[22.225311],
[25.188889],
[49.92306],
[60.12796],
[27.744562],
[45.545418],
[65.743034],
[20.102287],
[31.8009],
[21.279236],
[63.128345],
[57.84847],
[51.213833],
[21.70745],
[67.255394],
[12.853442],
[12.672668],
[36.012608],
[20.141094],
[46.982105],
[70.47248],
[29.108145],
[48.458683],
[18.229568],
[69.28262],
[51.185505],
[64.51871],
[15.313005],
[66.558716],
[16.793304],
[16.403112],
[15.633122],
[62.45549],
[40.1638],
[55.297638],
[58.388187],
[20.275604],
[72.46311],
[45.829227],
[7.3055425],
[63.993725],
[70.441124],
[56.382435],
[71.643745],
[74.448265],
[11.789017],
[70.20538],
[64.35733],
[19.71821],
[18.17602],
[44.95319],
[70.528694],
[66.7881],
[38.4201],
[77.833046],
[36.118572],
[61.49538],
[42.759518],
[15.298269],
[35.086735],
[75.58929],
[48.462517],
[76.49032],
[73.67896],
[21.41132],
[64.23064],
[41.716007],
[65.10772],
[33.560207],
[28.590553],
[68.43759],
[45.00752],
[25.035288],
[62.344364],
[31.736567],
[71.40559],
[63.086197],
[67.56305],
[26.624243],
[43.82973],
[18.93638],
[79.43993],
[41.843044],
[26.534592],
[56.897625],
[48.61586],
[9.037976],
[43.560772],
[65.961876],
[21.571053],
[15.462052],
[36.012722],
[45.642567],
[66.92535],
[9.895205],
[53.00133],
[42.423843],
[12.4218855],
[6.8160543],
[71.1345],
[69.703606],
[15.245049],
[66.189125],
[49.80449],
[65.861916],
[64.236694],
[16.598103],
[69.51848],
[64.595985],
[13.564934],
[13.679116],
[46.27592],
[59.30723],
[13.738899],
[64.11032],
[18.50447],
[66.21023],
[21.701399],
[14.417509],
[24.554962],
[18.610558],
[44.317577],
[68.40365],
[34.384056],
[15.174384],
[47.465927],
[25.357597],
[74.69798],
[44.213886],
[54.832806],
[74.67504],
[36.78108],
[38.774273],
[5.874662],
[16.729544],
[43.98516],
[35.99623],
[26.165232],
[47.718998],
[74.134735],
[53.612103],
[31.056713],
[75.90948],
[61.92925],
[22.388834],
[27.464478],
[64.56935],
[46.43539],
[20.113817],
[5.6544914],
[60.482136],
[51.925056],
[48.857327],
[18.011074],
[27.418331],
[48.680473],
[41.509766],
[41.97701],
[18.08191],
[42.071053],
[24.560709],
[62.738605],
[28.572617],
[35.701366],
[65.23574],
[19.098637],
[14.655939],
[63.94372],
[43.9942],
[45.685555],
[14.567785],
[73.15981],
[8.668],
[13.45372],
[43.036953],
[67.39602],
[64.10521],
[16.318377],
[20.205887],
[60.770363],
[50.084545],
[68.85564],
[56.918957],
[70.47311],
[16.833292],
[39.37059],
[40.326336],
[7.476515],
[10.461824],
[50.35079],
[20.838524],
[78.85264],
[69.43006],
[22.630068],
[37.881405],
[62.5149],
[20.229633],
[65.67991],
[16.548073],
[6.7499714],
[33.138405],
[34.32644],
[19.662598],
[38.072437],
[42.96337],
[14.614841],
[10.547789],
[49.834846],
[32.972305],
[25.026114],
[69.7205],
[53.03331],
[42.513386],
[74.92179],
[8.720786],
[12.050326],
[60.093204],
[72.00452],
[16.889034],
[65.437836],
[15.836683],
[64.17964],
[16.174168],
[68.07357],
[7.532795],
[14.632655],
[67.14833],
[32.247417],
[51.92218],
[19.326902],
[18.803583],
[49.432316],
[65.81683],
[72.39492],
[68.85009],
[19.084587],
[10.715904],
[46.692806],
[43.94849],
[66.973114],
[76.28716],
[21.708261],
[65.53336],
[21.247402],
[73.70704],
[6.932596],
[68.91711],
[59.027298],
[30.243574],
[71.88076],
[6.4396434],
[42.235172],
[12.06389],
[35.183834],
[39.19262],
[21.373468],
[35.291508],
[8.856109],
[11.348965],
[18.798454],
[62.969017],
[63.41406],
[40.45325],
[25.157234],
[43.256943],
[48.625916],
[13.120625],
[62.344395],
[36.168],
[7.2210674],
[39.0025],
[66.418274],
[10.201266],
[69.06255],
[66.21491],
[72.6879],
[16.901821],
[60.070103],
[22.350555],
[18.74725],
[45.016354],
[15.759829],
[49.84956],
[71.35395],
[61.03948],
[38.84956],
[16.992344],
[51.87751],
[22.142841],
[67.428185],
[24.15538],
[70.05988],
[41.757133],
[60.772007],
[67.13741],
[45.375214],
[67.98768],
[44.546803],
[19.038374],
[42.036396],
[22.599491],
[70.977585],
[68.68813],
[34.465996],
[71.202324],
[17.619766],
[17.295343],
[46.35798],
[18.232796],
[62.65965],
[71.04105],
[69.33187],
[38.032684],
[13.785835],
[73.889305],
[60.507717],
[14.53099],
[67.50086],
[43.2942],
[67.38138],
[52.73255],
[23.984016],
[19.01813],
[26.715544],
[76.44626],
[46.048702],
[43.97757],
[16.990927],
[34.314472],
[64.16129],
[13.259691],
[14.865429],
[72.47962],
[13.061222],
[20.586483],
[24.48008],
[66.74183],
[42.21687],
[71.962135],
[38.59447],
[67.83404],
[35.44063],
[42.251053],
[45.077797],
[42.23704],
[40.571728],
[29.690065],
[17.111761],
[42.451008],
[66.08785],
[11.09934],
[37.109806],
[36.019447],
[22.6215],
[44.441177],
[18.430574],
[22.178518],
[58.388187],
[72.34526],
[53.82745],
[60.451057],
[35.860332],
[8.808601],
[76.911514],
[61.016605],
[18.552639],
[61.099567],
[19.209572],
[11.098735],
[20.400007],
[6.6919136],
[14.436013],
[71.17849],
[6.393814],
[69.94312],
[43.183247],
[51.64269],
[64.035416],
[42.103424],
[73.414665],
[44.26325],
[37.922035],
[71.34446],
[47.964813],
[8.596033],
[70.72989],
[64.19963],
[71.623985],
[41.342358],
[63.133465],
[63.45195],
[10.400215],
[52.79302],
[13.866712],
[77.01067],
[39.19262],
[19.75649],
[7.021042],
[60.641407],
[15.944964],
[58.96803],
[58.73064],
[50.67182],
[15.382828],
[56.677715],
[56.243305],
[43.851868],
[33.078064],
[43.854107],
[63.01166],
[12.696508],
[62.99786],
[29.521687],
[13.258333],
[62.47202],
[46.198875],
[36.4444],
[69.46215],
[24.35243],
[7.0282965],
[54.437935],
[44.87203],
[13.656036],
[25.665339],
[47.127644],
[23.736835],
[33.839817],
[60.84705],
[10.93326],
[20.17316],
[24.60852],
[70.33297],
[29.765705],
[61.15269],
[5.964326],
[71.58874],
[53.87444],
[66.07259],
[45.86363],
[15.894575],
[17.428444],
[15.4593315],
[17.098932],
[7.20541],
[13.376903],
[7.4377565],
[73.39449],
[42.857983],
[8.941629],
[65.99442],
[12.711758],
[66.7004],
[41.082645],
[29.62212],
[40.019367],
[7.0124383],
[68.22487],
[69.76886],
[26.122135],
[46.176456],
[10.3688755],
[9.969514],
[66.08854],
[7.0497627],
[30.125069],
[21.403011],
[6.9355063],
[68.1401],
[43.97553],
[53.141224],
[71.63915],
[8.569317],
[70.14963],
[20.43832],
[43.555702],
[28.41821],
[48.40919],
[75.2338],
[7.79686],
[20.846233],
[72.71043],
[75.94271],
[57.81653],
[61.69432],
[35.612507],
[36.004543],
[18.094227],
[60.50563],
[74.48936],
[16.83515],
[6.5041046],
[65.723335],
[49.8531],
[68.78594],
[46.17536],
[39.307796],
[75.09469],
[39.994255],
[63.292973],
[31.362366],
[13.890951],
[32.334114],
[58.612892],
[44.061436],
[46.511684],
[9.109466],
[22.61124],
[43.760715],
[8.826724],
[18.134464],
[36.508663],
[16.887201],
[17.657917],
[22.226307],
[30.790297],
[21.96326],
[74.66656],
[6.498666],
[14.941423],
[66.086586],
[54.104507],
[63.04424],
[32.902405],
[63.605717],
[10.250652],
[38.45187],
[54.436382],
[35.570354],
[58.581215],
[65.035645],
[12.486915],
[40.087406],
[52.556484],
[70.9437],
[66.89765],
[18.772587],
[40.35074],
[27.781042],
[46.089996],
[59.436077],
[44.34409],
[65.54945],
[6.888809],
[46.64165],
[71.642525],
[26.061922],
[18.90624],
[7.041153],
[59.992565],
[33.4842],
[16.509724],
[16.94179],
[6.9303274],
[19.609077],
[67.968575],
[46.397724],
[34.911434],
[60.857876],
[71.47604],
[31.91935],
[42.20788],
[67.30794],
[20.41505],
[61.384075],
[17.32674],
[78.62405],
[15.463755],
[7.87999],
[69.83743],
[71.161064],
[24.00043],
[59.365665],
[14.090679],
[70.363174],
[19.244234],
[19.093063],
[25.442837],
[7.020026],
[39.62903],
[78.47081],
[10.491376],
[61.06072],
[60.310265],
[61.32295],
[18.794472],
[38.828213],
[69.452385],
[77.06498],
[29.479252],
[53.578503],
[46.306618],
[31.372646],
[37.660625],
[51.15899],
[54.799377],
[25.583818],
[39.4381],
[65.83991],
[41.595978],
[66.311104],
[18.134384],
[32.86497],
[18.760818],
[68.75235],
[32.837852],
[42.130455],
[13.759659],
[69.456696],
[63.540817],
[7.316618],
[31.98537],
[75.010796],
[9.995415],
[18.50708],
[46.753326],
[20.14549],
[7.530383],
[5.6351185],
[73.48333],
[50.942833],
[10.46401],
[44.47409],
[62.746567],
[42.673313],
[46.362324],
[5.907547],
[67.69505],
[43.535713],
[19.413952],
[71.79666],
[60.623837],
[5.9179173],
[18.844236],
[19.951763],
[52.401863],
[17.04935],
[46.002827],
[30.55832],
[65.652626],
[7.9792423],
[19.314882],
[63.232292],
[62.914818],
[62.909245],
[65.97068],
[43.95325],
[60.627945],
[70.61383],
[65.33712],
[75.55134],
[20.249912],
[61.352993],
[19.095005],
[25.96763],
[16.469658],
[9.064277],
[73.3924],
[34.825115],
[70.094925],
[18.331135],
[67.18873],
[45.022648],
[10.502851],
[13.264075],
[29.815453],
[31.861904],
[43.47517],
[63.86986],
[45.368793],
[24.685875],
[7.1131706],
[25.39633],
[38.19414],
[9.929834],
[38.560467],
[75.60574],
[7.4688725],
[69.2196],
[22.671186],
[19.766329],
[24.084877],
[28.241573],
[16.977438],
[46.553555],
[20.751976],
[73.88498],
[21.69571],
[64.25564],
[31.618435],
[45.612488],
[65.728294],
[45.49045],
[68.56777],
[7.5558443],
[23.659607],
[12.580702],
[58.95812],
[68.77464],
[60.40224],
[13.294622],
[11.460514],
[33.72086],
[6.828021],
[48.32194],
[25.6166],
[56.928734],
[23.44408],
[19.117628],
[9.121987],
[58.797756],
[70.40551],
[29.871922],
[20.766518],
[38.887318],
[59.042904],
[6.1828084],
[50.928585],
[11.415711],
[21.790522],
[43.575413],
[27.004314],
[56.93108],
[5.7589264],
[46.08274],
[65.74435],
[7.1205273],
[7.3038626],
[36.115322],
[16.640207],
[20.320356],
[47.002846],
[66.8666],
[20.54506],
[72.08553],
[71.39855],
[56.870735],
[22.085247],
[42.166866],
[12.163675],
[9.821083],
[67.84577],
[68.31433],
[28.203043],
[14.737],
[31.447134],
[62.57431],
[35.796253],
[38.272156],
[46.23821],
[6.584423],
[72.0863],
[10.535049],
[31.23362],
[66.13575],
[30.396225],
[50.448395],
[15.10577],
[43.538036],
[69.47514],
[35.77071],
[20.90316],
[20.588211],
[69.00718],
[48.427505],
[42.026226],
[13.063587],
[36.434116],
[61.56629],
[30.6472],
[9.902235],
[12.684832],
[61.0585],
[30.456644],
[68.56777],
[43.618893],
[22.47329],
[31.39122],
[7.9999957],
[20.788029],
[61.40542],
[14.548131],
[8.77856],
[31.199738],
[13.286912],
[71.49784],
[60.091846],
[48.71938],
[62.61221],
[7.115131],
[15.80093],
[66.70129],
[46.36034],
[30.26963],
[29.264587],
[24.296654],
[64.847626],
[25.341248],
[61.05225],
[51.81003],
[35.9407],
[42.33195],
[44.65891],
[34.151516],
[15.580893],
[68.196495],
[45.18888],
[66.84532],
[64.32038],
[65.38732],
[25.107805],
[19.861683],
[66.82621],
[72.68445],
[45.922962],
[64.003235],
[51.84227],
[15.513033],
[20.081982],
[27.902401],
[43.007717],
[13.512236],
[31.44626],
[49.702732],
[25.356747],
[65.42704],
[19.363646],
[36.78519],
[65.20226],
[27.145512],
[20.44667],
[77.51388],
[58.70505],
[40.639996],
[12.393313],
[67.62646],
[61.22266],
[6.6419096],
[30.428703],
[39.916374],
[11.797794],
[25.953712],
[56.706326],
[69.67581],
[22.973898],
[18.59052],
[42.095608],
[5.963109],
[69.83957],
[68.235756],
[20.89895],
[14.964395],
[8.763579],
[70.20626],
[20.050858],
[10.799849],
[48.622993],
[16.25772],
[39.610813],
[56.31051],
[8.324982],
[33.665157],
[44.723812],
[37.20445],
[41.55132],
[25.030481],
[16.492884],
[17.406548],
[65.52181],
[61.05111],
[70.83355],
[16.584894],
[40.30205],
[61.369976],
[44.189552],
[19.685074],
[71.320724],
[46.56562],
[60.774136],
[18.67286],
[59.625923],
[46.080082],
[8.654673],
[15.046361],
[34.738384],
[56.68201],
[70.47164],
[68.52323],
[27.697357],
[21.142155],
[25.075796],
[52.353283],
[37.647125],
[6.7412143],
[18.023533],
[56.470997],
[40.88889],
[15.675501],
[21.036865],
[5.958956],
[20.435028],
[68.86808],
[10.103592],
[68.92356],
[50.8272],
[14.703363],
[31.508259],
[40.250744],
[63.739185],
[7.6112704],
[21.360455],
[28.340616],
[34.650013],
[26.30322],
[27.225441],
[7.394538],
[49.173634],
[57.823513],
[10.681788],
[10.659758],
[63.30981],
[13.634204],
[55.01181],
[63.561367],
[45.81413],
[7.2806277],
[38.725773],
[34.872627],
[36.491283],
[54.896725],
[69.39923],
[28.722406],
[31.1864],
[6.089772],
[70.91178],
[74.94808],
[26.262325],
[48.91967],
[72.51153],
[54.478527],
[73.48179],
[14.191164],
[54.55672],
[18.207256],
[67.38466],
[8.7200985],
[7.015128],
[24.195972],
[45.461857],
[46.95344],
[11.694459],
[74.10651],
[69.05424],
[18.651657],
[74.054726],
[71.875374],
[41.52227],
[60.55514],
[36.37969],
[45.46127],
[6.7765436],
[22.25174],
[5.6611385],
[64.4342],
[35.995403],
[14.831588],
[71.84758],
[40.393406],
[72.52872],
[51.78431],
[15.539995],
[69.33046],
[55.393238],
[59.019993],
[72.006454],
[19.651655],
[19.005983],
[48.345543],
[46.725147],
[75.64687],
[75.79926],
[64.924644],
[38.309967],
[28.291712],
[66.5365],
[16.608387],
[46.33393],
[68.47313],
[65.71395],
[13.242564],
[53.015923],
[64.19407],
[45.082054],
[61.208828],
[6.898858],
[14.085733],
[69.60868],
[55.822796],
[33.02811],
[34.90784],
[13.534996],
[24.747578],
[35.19086],
[72.421585],
[46.405224],
[20.073883],
[11.216853],
[75.007835],
[16.590008],
[52.90617],
[8.997412],
[68.60033],
[15.5710535],
[45.867245],
[17.462433],
[44.952076],
[69.38799],
[31.374073],
[72.5223],
[74.19475],
[46.973297],
[22.942314],
[54.006893],
[38.185513],
[13.618666],
[24.396736],
[35.299694],
[37.472687],
[46.938053],
[72.207794],
[14.8283615],
[57.498158],
[33.375515],
[39.701546],
[69.82751],
[12.888922],
[54.103203],
[77.935555],
[65.09431],
[11.235874],
[68.16294],
[16.209206],
[9.470622],
[44.455357],
[43.15382],
[61.807],
[10.258866],
[7.0297184],
[56.31641],
[28.999718],
[43.989994],
[66.69574],
[16.844538],
[5.6841183],
[8.952683],
[33.17528],
[13.290838],
[66.609055],
[48.811287],
[75.23783],
[70.32175],
[22.224236],
[13.790422],
[37.318462],
[66.87985],
[65.06597],
[71.489586],
[15.643463],
[49.325108],
[69.77332],
[29.812384],
[19.041845],
[69.66083],
[6.8896246],
[5.935346],
[32.605946],
[70.722404],
[52.404575],
[47.377533],
[30.09395],
[57.925285],
[8.698696],
[51.63087],
[70.16894],
[22.22166],
[7.266962],
[44.181232],
[66.82635],
[36.717533],
[24.22493],
[20.191174],
[10.687955],
[68.60343],
[64.9929],
[51.453],
[10.004992],
[71.31987],
[62.541096],
[30.573944],
[18.714218],
[7.530942],
[22.522682],
[42.351242],
[48.689587],
[71.01603],
[17.335384],
[7.131857],
[6.6279516],
[68.856514],
[52.61191],
[45.621555],
[72.29189],
[21.257744],
[30.186962],
[64.314575],
[56.97071],
[43.68868],
[61.43443],
[43.163906],
[14.755194],
[18.06567],
[34.43588],
[18.447905],
[68.795296],
[8.727129],
[19.675032],
[50.167027],
[36.132725],
[61.80308],
[18.509636],
[64.42072],
[42.66096],
[30.06736],
[21.173588],
[41.29291],
[13.197016],
[30.81193],
[62.602207],
[26.505917],
[12.529585],
[46.514896],
[76.08755],
[64.68422],
[72.84336],
[24.299702],
[45.83607],
[49.94321],
[43.492756],
[7.625966],
[72.803154],
[44.28693],
[46.50182],
[60.936504],
[43.187458],
[61.395123],
[20.260696],
[68.1777],
[17.033504],
[69.647835],
[9.866331],
[48.681637],
[68.4747],
[21.3246],
[11.073233],
[37.974632],
[40.990063],
[24.7886],
[43.964836],
[35.549103],
[18.594479],
[40.36043],
[65.62063],
[52.217693],
[63.656574],
[11.0117],
[67.246925],
[15.086288],
[34.00691],
[34.747013],
[62.03712],
[77.079285],
[70.40742],
[27.834381],
[51.585667],
[38.37403],
[42.360085],
[13.955769],
[58.326405],
[59.812027],
[43.991596],
[79.31907],
[35.956345],
[17.890867],
[71.94976],
[6.998404],
[15.7274065],
[10.549145],
[19.335028],
[47.680195],
[18.237255],
[27.889515],
[77.20232],
[44.474373],
[14.249812],
[70.1061],
[11.915677],
[32.249065],
[37.47295],
[66.57706],
[15.2182665],
[68.74587],
[62.599506],
[67.002235],
[61.07996],
[26.201878],
[25.948551],
[20.098724],
[23.493267],
[65.810005],
[32.10259],
[54.874645],
[24.53003],
[8.681189],
[55.438236],
[58.38276],
[24.765383],
[6.886133],
[34.898357],
[46.63023],
[38.683147],
[19.601025],
[6.528233],
[52.062374],
[19.101969],
[26.53011],
[67.05346],
[16.636017],
[63.797443],
[65.183784],
[29.95082],
[11.473268],
[46.787296],
[70.83981],
[70.99272],
[12.803275],
[39.269543],
[51.245804],
[47.3316],
[20.470337],
[64.96526],
[6.06567],
[62.425716],
[27.206314],
[67.47638],
[75.137924],
[47.141327],
[20.484232],
[11.510056],
[56.884464],
[57.95425],
[71.432625],
[29.129726],
[77.351814],
[65.09071],
[20.273272],
[58.21423],
[56.174015],
[9.757875],
[6.441346],
[38.43677],
[43.675327],
[42.77311],
[10.788999],
[67.19854],
[66.528786],
[7.444395],
[7.8309164],
[17.9243],
[41.08919],
[24.283737],
[54.559254],
[5.922975],
[17.213566],
[25.560343],
[32.416965],
[76.71628],
[7.167199],
[25.613243],
[25.566088],
[5.7415695],
[21.807903],
[21.417856],
[26.530823],
[62.946846],
[32.65126],
[24.515461],
[36.31853],
[31.511135],
[30.192188],
[5.747359],
[45.210194],
[10.011356],
[15.092602],
[44.17185],
[15.176889],
[68.76446],
[17.858273],
[18.618689],
[22.855755],
[72.97986],
[6.514265],
[61.08733],
[45.059055],
[46.01343],
[40.272552],
[20.96747],
[33.272785],
[69.51574],
[10.095877],
[36.23007],
[19.82228],
[69.11385],
[69.705894],
[29.016342],
[5.6377544],
[15.1518135],
[48.560467],
[20.0295],
[78.282005],
[41.368404],
[67.05073],
[6.914542],
[67.433556],
[71.165504],
[60.169575],
[58.113552],
[5.997081],
[36.84175],
[62.75088],
[68.43735],
[28.132568],
[41.412334],
[51.951702],
[6.1743474],
[73.399605],
[34.570076],
[43.08927],
[16.59001],
[34.590725],
[42.861324],
[12.145531],
[30.11681],
[19.813213],
[7.203491],
[8.938036],
[76.71693],
[38.829723],
[13.645695],
[39.84125],
[58.368114],
[43.5611],
[22.37492],
[63.031967],
[25.832916],
[20.400894],
[18.870365],
[48.84422],
[72.11721],
[45.352047],
[13.368269],
[13.534889],
[8.891593],
[22.899029],
[66.796776],
[72.20251],
[31.120129],
[13.4469185],
[18.93462],
[20.205153],
[29.674612],
[66.21244],
[28.861765],
[22.37345],
[18.480352],
[11.692384],
[41.81722],
[24.179085],
[38.038265],
[59.78597],
[58.949738],
[51.812347],
[10.655016],
[44.500996],
[54.503212],
[21.836449],
[40.80498],
[70.218895],
[12.700358],
[26.767117],
[8.443664],
[67.788895],
[14.709446],
[15.702888],
[24.819416],
[69.79208],
[65.54537],
[19.060535],
[50.94328],
[28.941792],
[46.721973],
[59.219044],
[24.314428],
[66.61146],
[30.00132],
[54.498455],
[25.661024],
[47.06557],
[43.661194],
[38.914368],
[18.121391],
[36.37177],
[57.879635],
[73.948074],
[25.221033],
[60.64838],
[21.582466],
[16.341469],
[69.80625],
[7.534133],
[30.528313],
[10.45848],
[59.55626],
[73.1365],
[24.553814],
[42.56959],
[70.10063],
[15.566404],
[8.555158],
[70.01909],
[64.334816],
[8.959076],
[65.2049],
[18.34824],
[32.1385],
[35.602787],
[52.818768],
[45.34843],
[38.495033],
[64.00377],
[61.905945],
[61.037422],
[45.526432],
[66.39271],
[39.12859],
[5.969441],
[43.834805],
[72.76805],
[19.130798],
[59.656124],
[70.348076],
[38.88918],
[71.415665],
[71.74568],
[31.325617],
[71.49587],
[10.974592],
[18.109167],
[77.65541],
[28.586384],
[71.93821],
[30.806793],
[16.041672],
[17.301567],
[43.963276],
[13.401464],
[21.0762],
[20.791199],
[10.874527],
[12.572672],
[10.915236],
[17.479462],
[24.7029],
[70.7955],
[45.386417],
[61.19028],
[21.689602],
[5.5735807],
[66.11476],
[18.308187],
[7.5371075],
[46.91861],
[14.47333],
[58.256607],
[40.719604],
[72.603584],
[13.58111],
[41.562393],
[26.897842],
[72.81162],
[45.02954],
[67.516624],
[49.77805],
[71.01322],
[43.586666],
[69.526146],
[25.05652],
[65.57018],
[8.635878],
[22.802814],
[7.0589323],
[72.31656],
[55.457794],
[53.891205],
[34.7156],
[6.6331787],
[17.247326],
[43.281162],
[63.483368],
[24.528149],
[16.700045],
[48.244923],
[45.62512],
[32.469097],
[31.552866],
[16.674795],
[6.7385473],
[68.3598],
[70.55864],
[44.328396],
[57.372658],
[28.05463],
[49.05161],
[66.70827],
[24.316055],
[23.29544],
[24.74638],
[23.775934],
[6.0206523],
[41.832546],
[60.989704],
[69.54907],
[36.25533],
[45.887405],
[21.36169],
[8.678223],
[10.477579],
[70.30853],
[64.39931],
[42.27023],
[23.422344],
[19.346676],
[7.8882837],
[20.212711],
[23.241608],
[41.999146],
[19.72911],
[12.375204],
[27.659954],
[8.551582],
[46.766243],
[64.7288],
[69.33438],
[46.59625],
[74.1586],
[70.33266],
[34.905025],
[13.59344],
[69.32409],
[70.74679],
[74.860176],
[43.98142],
[17.110403],
[40.247246],
[18.460648],
[69.05885],
[22.591993],
[7.141694],
[20.103767],
[21.345299],
[54.19528],
[9.1703005],
[74.69419],
[28.572002],
[31.306293],
[46.62521],
[6.358236],
[38.773586],
[43.429714],
[22.847076],
[71.374596],
[45.06596],
[41.197895],
[64.02985],
[65.40395],
[8.873909],
[40.757435],
[59.93205],
[68.20417],
[52.265446],
[28.266125],
[13.084007],
[12.480314],
[22.330065],
[9.6861925],
[36.74795],
[19.730837],
[74.816086],
[64.157166],
[20.69467],
[33.823517],
[5.763593],
[30.335455],
[9.770033],
[20.940845],
[10.403884],
[68.16927],
[5.9529715],
[20.004974],
[72.95403],
[13.584285],
[14.685589],
[62.22038],
[14.75363],
[71.37668],
[52.138325],
[69.11198],
[56.32986],
[42.206863],
[9.905056],
[41.792355],
[42.47098],
[14.718707],
[16.658386],
[16.214739],
[26.582607],
[12.974555],
[73.259995],
[14.928813],
[26.025082],
[58.21958],
[49.692562],
[76.317986],
[18.081238],
[60.806423],
[7.376724],
[66.866325],
[63.941097],
[51.81656],
[67.160446],
[68.17029],
[32.515118],
[72.38671],
[6.598008],
[37.915535],
[45.22458],
[45.89194],
[6.281089],
[25.711096],
[72.41277],
[14.642372],
[77.258064],
[16.996632],
[51.839256],
[71.318634],
[21.0364],
[45.694527],
[44.71275],
[56.256645],
[60.88091],
[67.71719],
[7.078547],
[48.26257],
[75.7978],
[58.429993],
[45.643105],
[71.97567],
[43.527714],
[46.17718],
[18.276443],
[24.332859],
[30.81313],
[9.0756645],
[69.948814],
[28.481638],
[46.887913],
[15.5449915],
[19.151539],
[18.61623],
[69.42626],
[37.740578],
[68.93305],
[71.45153],
[16.441042],
[13.46166],
[13.460258],
[66.64959],
[61.763287],
[25.979523],
[32.355766],
[9.040601],
[66.18187],
[27.244526],
[25.136711],
[72.31388],
[20.220472],
[44.64656],
[66.866455],
[47.146496],
[40.590553],
[23.68058],
[31.287998],
[9.831249],
[44.449932],
[24.863598],
[44.331345],
[50.165157],
[34.8463],
[69.39013],
[38.27376],
[68.25793],
[19.173306],
[14.659953],
[44.220013],
[57.795277],
[31.5354],
[61.117702],
[36.84175],
[18.955002],
[71.175354],
[44.49379],
[59.908688],
[59.011448],
[58.20212],
[48.43324],
[20.117554],
[45.27388],
[60.965694],
[53.99959],
[41.96759],
[28.665886],
[67.68457],
[29.934103],
[45.17463],
[75.45494],
[59.95257],
[45.521652],
[20.443415],
[24.048399],
[69.58268],
[5.8837376],
[42.487446],
[13.035587],
[25.625685],
[40.31704],
[30.653202],
[7.421169],
[48.85423],
[64.772095],
[20.241566],
[70.681595],
[26.401138],
[32.074326],
[27.699898],
[71.60413],
[50.6516],
[72.235016],
[13.863122],
[13.773352],
[69.291626],
[45.346348],
[68.775],
[45.186695],
[32.70598],
[74.62789],
[69.07972],
[72.65954],
[48.70544],
[51.908386],
[70.683365],
[68.14561],
[66.64442],
[64.959015],
[71.85747],
[53.793293],
[20.051764],
[62.938328],
[74.33224],
[25.32184],
[36.10345],
[33.613926],
[8.692323],
[22.028988],
[38.187424],
[22.358727],
[27.385172],
[64.76114],
[37.044704],
[15.59031],
[72.195366],
[13.166583],
[19.197086],
[19.44114],
[21.911877],
[39.918125],
[62.65945],
[74.82935],
[64.13899],
[6.1940513],
[59.975063],
[72.95479],
[66.73844],
[72.33936],
[18.03553],
[36.813408],
[38.0163],
[63.3551],
[76.1556],
[67.871124],
[24.535446],
[74.972595],
[30.935394],
[66.74248],
[11.597207],
[25.663115],
[9.039658],
[70.34257],
[36.24431],
[35.944798],
[24.430408],
[23.577444],
[47.226006],
[45.870823],
[44.384853],
[15.123155],
[17.121418],
[75.08863],
[48.68673],
[23.553059],
[22.213762],
[6.603176],
[5.660027],
[26.070704],
[6.6115503],
[41.88734],
[6.508725],
[30.326748],
[72.705986],
[44.38156],
[44.191914],
[25.28861],
[52.364254],
[13.67599],
[16.023859],
[44.144672],
[68.37934],
[6.753984],
[71.12156],
[41.817577],
[8.260824],
[70.41138],
[75.09374],
[73.549385],
[69.73864],
[21.931225],
[18.348572],
[5.628587],
[72.42605],
[40.289852],
[42.10555],
[46.732],
[8.806724],
[13.363233],
[45.28288],
[55.860447],
[31.322033],
[69.05993],
[12.027295],
[59.651566],
[65.76442],
[9.161426],
[35.179066],
[69.39832],
[25.367138],
[23.869116],
[19.073904],
[29.477274],
[65.56962],
[39.610157],
[60.835644],
[28.764553],
[43.385845],
[46.1938],
[40.121773],
[9.950951],
[52.353127],
[22.021961],
[59.299725],
[71.06132],
[31.010292],
[7.1561985],
[9.759183],
[73.73589],
[19.966946],
[12.88509],
[31.058113],
[47.65311],
[13.914623],
[62.208878],
[54.86345],
[63.12785],
[70.27509],
[18.717272],
[54.05567],
[33.629314],
[38.87879],
[40.54054],
[26.02701],
[24.23371],
[66.50178],
[71.49249],
[29.479252],
[43.301373],
[15.835943],
[13.337557],
[25.35326],
[62.345325],
[18.263905],
[46.91861],
[54.264927],
[19.651432],
[65.243004],
[36.297947],
[32.190746],
[69.4141],
[46.69465],
[65.08529],
[78.83609],
[34.51109],
[7.3679686],
[9.88094],
[17.058136],
[59.1682],
[13.5423565],
[45.73382],
[78.64128],
[13.934973],
[70.59448],
[40.185925],
[44.507084],
[38.283306],
[68.135864],
[46.039944],
[56.63735],
[69.47155],
[68.1712],
[11.986141],
[30.623371],
[66.468414],
[28.094667],
[9.808712],
[63.986984],
[20.080166],
[67.01418],
[20.705057],
[15.014387],
[17.979923],
[52.122524],
[13.266521],
[70.26626],
[64.464264],
[57.140163],
[16.12502],
[45.49922],
[19.515842],
[65.48767],
[7.041649],
[54.914303],
[65.719696],
[7.3935823],
[24.802734],
[12.627205],
[41.29363],
[26.145206],
[6.9618244],
[14.160879],
[64.158],
[35.36416],
[53.945515],
[9.97061],
[20.5789],
[73.71145],
[18.542242],
[15.733515],
[21.621471],
[33.50174],
[45.931293],
[24.1465],
[52.13568],
[64.89037],
[54.55491],
[29.715153],
[78.27627],
[14.514595],
[18.780499],
[26.441711],
[54.87048],
[18.433374],
[70.98621],
[52.357677],
[49.875343],
[27.219816],
[45.2574],
[45.029816],
[68.80196],
[49.600628],
[44.71275],
[76.505035],
[35.015713],
[21.61348],
[26.998661],
[64.07734],
[47.684444],
[7.150729],
[7.144868],
[14.208698],
[73.30006],
[51.930763],
[76.3785],
[44.634624],
[20.072958],
[47.929653],
[30.649178],
[13.52474],
[67.34896],
[18.64552],
[17.997135],
[30.196392],
[18.170933],
[11.886274],
[59.689976],
[6.956477],
[72.71682],
[34.296463],
[7.098716],
[60.90965],
[11.719856],
[34.734222],
[22.189983],
[66.03207],
[20.013996],
[41.299442],
[40.419647],
[10.596262],
[8.895603],
[22.364433],
[26.047943],
[59.544193],
[76.0713],
[52.92323],
[20.175304],
[30.046139],
[74.90587],
[48.55412],
[61.038414],
[31.011408],
[33.85362],
[68.594536],
[13.566919],
[27.70306],
[69.378525],
[8.942616],
[30.335018],
[48.890385],
[15.523375],
[34.19434],
[5.8927317],
[18.901478],
[10.902738],
[49.57082],
[39.532284],
[50.603672],
[67.35572],
[35.159927],
[43.070744],
[27.599012],
[14.759903],
[26.524647],
[44.83305],
[70.26643],
[61.411213],
[71.77229],
[44.637188],
[44.24431],
[44.45855],
[10.328194],
[6.5220656],
[75.70013],
[60.634445],
[78.17789],
[68.27376],
[16.372759],
[50.386894],
[56.086216],
[32.313526],
[6.1052637],
[20.33125],
[70.00457],
[70.933556],
[75.14567],
[61.108006],
[39.63638],
[17.289629],
[48.7126],
[19.713617],
[60.777573],
[58.988316],
[68.90155],
[34.818268],
[69.75354],
[12.940495],
[6.683424],
[68.21929],
[6.7902536],
[16.809204],
[61.643703],
[16.30643],
[66.416176],
[54.2712],
[69.94337],
[35.76025],
[39.00515],
[72.0107],
[10.443375],
[42.326485],
[18.685734],
[30.240475],
[19.06691],
[28.089403],
[15.100821],
[22.626484],
[61.7356],
[6.9270754],
[68.12338],
[8.851988],
[66.95936],
[10.02362],
[59.039463],
[25.777359],
[12.203419],
[45.09541],
[56.268658],
[46.405285],
[11.087378],
[19.357492],
[18.297615],
[24.689686],
[39.697323],
[67.068306],
[51.52783],
[66.97242],
[42.58453],
[13.451766],
[7.1946135],
[24.923807],
[9.090672],
[36.394268],
[64.528786],
[17.20298],
[63.905575],
[74.64779],
[18.416174],
[63.30244],
[74.95093],
[6.440048],
[69.12114],
[9.943717],
[10.822975],
[45.791607],
[27.850979],
[46.369],
[24.47586],
[25.056253],
[62.80801],
[44.53645],
[25.247635],
[44.78752],
[74.405495],
[9.880829],
[63.939274],
[71.79572],
[7.2550545],
[18.954317],
[6.046754],
[19.151985],
[60.451046],
[46.129528],
[71.49361],
[25.845188],
[7.3255577],
[60.72455],
[66.32834],
[48.834408],
[6.430147],
[15.380729],
[52.23996],
[78.46232],
[30.731728],
[78.532646],
[62.67418],
[65.43742],
[17.71033],
[34.987213],
[7.0889683],
[43.468117],
[18.847683],
[38.751614],
[44.667286],
[16.336212],
[54.59281],
[18.009678],
[19.546488],
[66.27701],
[56.65038],
[26.722887],
[27.571922],
[54.15682],
[24.35601],
[44.686188],
[65.9607],
[72.40922],
[31.674324],
[7.543191],
[62.74824],
[31.552132],
[74.81301],
[41.85809],
[13.499252],
[45.684914],
[39.079346],
[53.148773],
[60.812023],
[18.345425],
[5.727111],
[35.842056],
[67.24871],
[42.590523],
[22.328892],
[66.01506],
[23.382595],
[41.432167],
[28.684975],
[49.2656],
[11.216853],
[77.540306],
[60.537937],
[28.377222],
[17.197252],
[11.055777],
[33.118275],
[60.43054],
[71.300835],
[20.155762],
[41.459793],
[75.09434],
[56.58623],
[48.541622],
[19.359924],
[51.795437],
[7.031081],
[73.950966],
[16.05344],
[14.60487],
[69.736565],
[66.48345],
[67.12953],
[7.3178425],
[36.019104],
[31.14833],
[19.266594],
[48.414104],
[66.36625],
[46.607826],
[46.486084],
[37.391888],
[18.445026],
[74.78896],
[77.923515],
[14.713073],
[44.799526],
[60.778904],
[15.417889],
[31.553802],
[40.897892],
[42.157925],
[29.52792],
[52.8821],
[71.75001],
[44.414536],
[76.12093],
[72.20881],
[57.86119],
[72.60279],
[60.543392],
[46.568275],
[60.4901],
[64.49356],
[74.49739],
[28.622904],
[37.01292],
[29.802202],
[16.324854],
[22.06865],
[16.619818],
[16.564518],
[35.308487],
[73.171364],
[17.04158],
[13.212205],
[12.417601],
[6.619849],
[44.184174],
[50.674896],
[18.239664],
[37.89186],
[46.6097],
[8.925703],
[68.47939],
[58.591618],
[13.836407],
[49.69765],
[22.508959],
[17.934814],
[40.528835],
[68.41535],
[69.68],
[24.745285],
[6.4306335],
[7.1877046],
[20.112648],
[6.698388],
[39.63261],
[35.514145],
[68.029144],
[36.868755],
[31.68804],
[10.290586],
[60.34737],
[7.0690055],
[62.78581],
[77.19139],
[68.497185],
[21.107216],
[7.1451125],
[41.95668],
[44.979603],
[57.626247],
[68.93757],
[11.285583],
[9.846817],
[62.80971],
[18.957195],
[18.761436],
[16.812431],
[45.63576],
[64.02394],
[14.31845],
[46.503464],
[60.67145],
[21.05777],
[49.54862],
[49.55649],
[60.16931],
[27.298912],
[68.62994],
[43.30431],
[26.386139],
[70.35998],
[39.97214],
[17.660486],
