6.456978998883865,
45.50847360568121,
64.00177570121134,
82.42216223864847,
8.878615922683906,
19.92971828809548,
17.752594079205426,
48.55586752071616,
42.21678956562707,
9.555224044124143,
58.96991312410327,
6.754463119122937,
59.62037846453582,
70.12745575124232,
37.0486581181483,
70.00084815551699,
27.557380440324366,
7.087974392419414,
53.30154967248735,
62.85987057207666,
35.103351405563615,
9.727740302633826,
58.870687569239266,
7.267551137905955,
74.04997809278667,
17.693494274531755,
75.10073587242213,
44.418305948600555,
45.50847360568121,
38.57040439890362,
14.493119359599417,
52.719457658774225,
17.693494274531755,
57.38381382510634,
16.2527719945374,
28.05045365869065,
31.08497510882855,
58.72311323105561,
16.91968192509858,
7.516811822604959,
6.637333579220812,
76.7537935115674,
52.655245259406605,
15.955325250113637,
20.9956042295181,
67.07009837590545,
21.79979058729171,
5.881003850337321,
42.932361937743735,
6.637333579220812,
44.01617365526161,
30.174580374647476,
81.22427201926328,
16.883199822745915,
54.94066656631344,
43.02916489388238,
31.922039939723305,
15.90194906272813,
15.91070837693759,
8.295736080648474,
13.779827355363814,
17.7734824296921,
70.48464740023604,
45.13481815474448,
41.144359851322825,
63.07473408533498,
7.059505907739152,
46.12607274786655,
66.85365464507099,
42.62420029570392,
42.66093513479953,
13.9879414327223,
8.81142920450391,
62.73633927378746,
61.01694378549101,
70.3815421012384,
7.838730457305732,
61.116375249605,
63.43583296200822,
53.15208974627963,
43.936930423193004,
74.80001942756861,
5.864655277144878,
37.239565589718644,
64.9622978107117,
38.264234202736255,
19.696434192748562,
9.253453070639551,
58.581996435176315,
12.315791793893922,
66.53132371593523,
46.13838599416752,
43.585462534946004,
35.800296274091686,
60.68864646950661,
9.579926544164636,
41.52359529507261,
54.288449323094994,
29.31698957412419,
68.09925045877952,
50.22827565433863,
5.718972047434601,
46.39386542515552,
78.03421314235352,
44.853199687904,
38.856598898353454,
18.15836030363479,
7.686945078350209,
18.668304107722104,
41.6383996649744,
64.05569604487238,
24.18592818569364,
20.899712931375397,
30.399228334656215,
69.56702412026176,
45.25282144061805,
71.32700578906294,
36.03954728115358,
70.76554069339433,
35.61189912761061,
74.45836103236638,
25.85808962660534,
70.10439293205705,
52.37853086068533,
59.19035301743795,
19.635435581722657,
17.049765545781153,
69.17126525623762,
6.084824133622837,
57.38595895556818,
24.70780996603331,
30.97078062365247,
12.699667904868557,
62.433128260500716,
40.96208366895707,
11.809399311686413,
48.401341208752214,
22.32088630290977,
70.32653751328084,
30.15493001775747,
14.515927334049744,
45.09361617711818,
41.06336578785896,
24.14990936230388,
72.17999849330681,
53.743677931133085,
24.2752682667627,
14.131454758925242,
41.93640760548885,
38.18943072946405,
44.64871375988025,
30.684666130875502,
46.80357352811309,
71.11378681556138,
9.578468623280154,
15.974096420827676,
31.523012299519515,
30.90857832765492,
16.62903312616177,
41.18353939515333,
66.20200109481455,
25.432996891600453,
45.04985354776957,
59.69748041279292,
20.561044182824737,
41.26946264019011,
9.726374022784759,
6.63025013466734,
18.544158591035707,
21.976266372563334,
57.91400287962848,
30.413580736739007,
74.73965873812898,
70.01251495897681,
70.3103614729228,
20.38568728511904,
8.656006171964066,
63.5778159602472,
69.59458995938793,
72.87512971973833,
14.510833668528543,
65.65855380486958,
63.17780953856418,
72.90682273552758,
79.47865002846937,
41.889920491974095,
13.760789168261814,
7.415162381402559,
71.57570031678596,
60.25844505099805,
19.04325919657875,
20.917879972913774,
35.94533750976709,
41.979549905007886,
53.19098252284002,
63.40491178612996,
17.285529520406133,
38.40067745697067,
42.125807894859385,
63.29937957914011,
46.222919077691316,
23.506856272191456,
63.921502264764214,
44.1030194458231,
43.676118494581154,
46.7271461334723,
78.13234333895343,
35.344055972515115,
69.5353256128296,
62.68308941476114,
57.10850555205779,
76.17772907845487,
22.99067252623272,
38.56245661354422,
71.5510266732575,
6.870598190582339,
17.815729503355026,
44.35828517722916,
35.36415137344437,
51.00894936602297,
66.94783118108928,
50.803493845545646,
70.43828213539885,
54.43264263648397,
24.075640656040008,
12.042205824921268,
64.13522060066167,
15.034705539360365,
45.757607490288635,
47.26416216500133,
15.654638000071898,
53.00915095050932,
45.119311405397184,
19.59716000985882,
43.41278246781321,
33.2688249935685,
42.40158648388153,
44.74064523436251,
45.73526956987672,
31.5218804020401,
70.92122433622647,
21.768418592905437,
16.391503968804194,
19.057256509782057,
15.317715386820776,
53.52185461487517,
48.84608302764816,
51.20545733980498,
39.83063835181649,
5.77258557093936,
55.02052515480358,
56.91501710063564,
19.962642972094244,
30.535482687622235,
66.56027148676718,
42.62420029570392,
61.169308088728,
43.828965184620834,
7.019986970162516,
41.56180407677893,
12.31433387300944,
41.26946264019011,
50.988262971889284,
74.64779482286541,
50.181804426497045,
66.8932008040376,
24.559991967250895,
19.041404577813317,
79.31501712491912,
72.22188557710432,
57.5668840983129,
18.598755145389248,
48.60607395529315,
41.54919381530574,
59.19076697117754,
16.526297029564287,
17.588616050339724,
13.360093857913489,
15.317715386820776,
72.0742518264089,
68.66164971244436,
14.38713235389953,
70.77446113498893,
26.11251041814634,
65.0185414576308,
21.38502369630904,
27.797577527153575,
16.883199822745915,
35.285881434500084,
45.25282144061805,
16.526297029564287,
18.544158591035707,
7.075645929413452,
16.462467403126535,
19.59716000985882,
16.76598893207361,
9.69834908487594,
5.876067480921551,
62.404138238762876,
53.43236360251743,
72.54208229597131,
52.55317140218003,
7.616939214415609,
19.92971828809548,
61.40474669574611,
14.272748005186195,
69.0699809455476,
43.49413968787214,
8.025976012009323,
68.89695909932855,
42.65832449960576,
13.743973151651907,
68.81804279261732,
46.813486353322055,
45.61342627590994,
61.62673541363149,
69.39480492680632,
65.5864391550855,
59.93649659493048,
10.756629102017966,
27.42134870954059,
12.313231691111811,
45.49870541162328,
30.676968129232886,
71.31578768525584,
79.89014805668907,
69.10927840200192,
7.405057915640629,
54.43264263648397,
65.0861198241008,
18.411751293433042,
34.07395393844163,
47.82483647493547,
19.92971828809548,
50.033519026611984,
30.42425043321384,
50.92321100988459,
67.06063057518544,
44.99473377909708,
71.6706405902203,
48.55586752071616,
45.55303060448054,
21.17378442721416,
71.80752201978757,
33.028048388409076,
20.944090880377008,
9.25199514975507,
59.51305957535408,
20.18515319436008,
18.152706346772618,
32.08667210455497,
47.658003457413514,
48.3905376575465,
15.317715386820776,
37.343766492830106,
38.21532210180722,
7.673497297751075,
36.93766597517142,
37.0486581181483,
8.294278159763993,
38.58142127643064,
14.136682467158051,
30.174580374647476,
41.221789349856756,
48.30418243636185,
25.581584071560897,
11.72972349391165,
45.48467659184289,
5.709662233638302,
18.711947758691483,
9.401266829108742,
48.55586752071616,
40.85040255628315,
13.467280697028624,
7.516811822604959,
24.662650164097485,
64.10888154443798,
35.335948291727235,
18.82655228544661,
44.708055334872654,
10.159426838528514,
26.83204017319308,
37.29552725962128,
35.77473722037244,
9.253453070639551,
35.931846354599166,
44.69095526250105,
38.252310952287196,
67.74282522216339,
72.37039491098413,
71.39445341131707,
8.877158001799424,
15.355655410057924,
13.59587728157221,
25.96663221096838,
10.908512077510697,
41.14245688663865,
71.65193739956288,
37.29940257352709,
5.77258557093936,
34.992687413974146,
38.56245661354422,
18.60048876386852,
47.3449527492741,
24.25888246615875,
13.628032567456469,
5.77258557093936,
70.08847088261672,
58.96991312410327,
21.537366725025457,
18.152706346772618,
59.54359578541071,
43.19387395982591,
7.44313231581832,
16.002898488506744,
48.6939729459474,
27.20826899080606,
43.07871881420239,
29.68523452072832,
48.651034675152026,
70.40491031200337,
71.91833680890673,
72.91610334505198,
23.689125089377413,
9.874982797923597,
68.43835517694608,
63.73936411978311,
45.50847360568121,
27.062378709246993,
71.10847655015897,
5.77258557093936,
44.58261451549235,
72.58926875257892,
24.70780996603331,
7.405057915640629,
71.83364646615853,
67.6375269530989,
72.21565643380197,
68.22353695075138,
20.262877450964403,
49.959654063542054,
61.73737037830521,
74.00843920045229,
60.79580274420187,
45.119311405397184,
70.49019512750004,
19.59716000985882,
28.360315804885634,
64.50566699400025,
42.35519230164403,
41.72097221462197,
23.188149745054048,
76.3624728875012,
75.42636269423271,
52.33353736569613,
47.95434483142543,
73.30090554038107,
11.105492520590316,
19.024580296127485,
15.965778689165877,
66.20200109481455,
44.19256225701613,
37.239565589718644,
68.09925045877952,
68.16561205471064,
46.193607614070565,
46.98469655047386,
34.848919168301244,
59.746192587543504,
34.75354454393874,
71.92428492224232,
52.55561874131696,
54.306934821080496,
15.961609820131354,
42.88472445511761,
6.727586936392044,
69.40414731569678,
35.335948291727235,
39.2062365037703,
18.978706261130654,
46.06921867640226,
71.39395174641643,
42.53875492123166,
74.07060423527923,
70.5397240692082,
69.5355721067152,
33.85744596878536,
42.27642341487772,
68.53898271311333,
19.223675633624516,
6.882830163068839,
45.49870541162328,
48.25325582814798,
61.055795743967714,
10.345482772066227,
74.85859729598117,
24.839429022142966,
17.677457516770634,
69.91761599350242,
7.507795710058267,
16.393425631720042,
60.25844505099805,
12.694440196635748,
64.43710181023694,
72.64851358237821,
36.01854450439778,
71.416839462546,
71.11166269650334,
45.92743528024765,
36.097439292080544,
19.369180224120626,
21.06375179643767,
39.64523323149715,
19.92154299382401,
47.82483647493547,
41.83282443334301,
75.81914640160063,
24.234547997703526,
36.175910550632,
8.878615922683906,
63.4148781553569,
64.13522060066167,
35.11016628014423,
59.157350266560506,
7.103841885929516,
18.695900989105276,
69.59458995938793,
44.996548646806296,
42.832310072934774,
48.39316290436663,
47.3449527492741,
71.89296925660916,
10.989878071040868,
68.38913179571311,
48.68687776414829,
42.05124569075496,
33.494830884644884,
54.48383624577525,
39.143279435389196,
61.716679662291675,
67.77794753057256,
69.39480492680632,
5.7203383272836685,
73.95099692765724,
19.966125249255494,
66.53132371593523,
27.700983287805506,
48.51181289746083,
41.26946264019011,
72.27668536591472,
11.848911842900593,
37.628085507183435,
51.95872520342718,
73.83001634319425,
69.1838560249892,
23.987032619316565,
75.00819318260679,
75.67269100567506,
6.064395817299471,
41.936104664833174,
56.1592509413962,
64.23366744107196,
59.39313427825293,
78.169349939396,
18.115286765410296,
30.519346638699588,
79.70921588105713,
34.44663909874506,
60.49187169161424,
29.50616296741169,
47.61694556109111,
73.94048246322019,
27.40942545909153,
11.806839208904302,
18.220046101358314,
30.87095479464078,
69.96114589161773,
42.64355822911291,
9.726374022784759,
7.087974392419414,
38.11961636431693,
26.35263101099718,
23.797456325038347,
68.17218104594242,
46.7271461334723,
70.84319123928765,
66.7510926371852,
8.873388214451097,
44.38616138781082,
29.863721771607864,
65.20973674855992,
38.40067745697067,
22.108742531252666,
35.70621383911687,
13.657472070000479,
18.591677992010684,
5.881003850337321,
18.72178779732075,
72.46914164455174,
51.21216347637037,
66.94404870342537,
24.809398553796747,
51.241300428801246,
35.03300463362252,
59.54359578541071,
68.59712559014227,
21.955400612217087,
32.8611392761098,
66.3500796559537,
64.52913815210742,
24.4885069682877,
35.24049472284167,
32.6006632831053,
64.54867254146072,
45.281742126746515,
64.93652208333552,
70.49059891861982,
67.52375201293603,
47.03273557447652,
76.28945604206939,
21.64598249723439,
53.52185461487517,
62.010951172485505,
43.49413968787214,
57.25529502387825,
29.629072873884635,
23.4834879631781,
78.10099019916944,
24.3436311251238,
73.09164170858496,
43.806515841676124,
35.6967362544419,
20.95661318487802,
22.73565319389244,
8.873388214451097,
20.01866316203777,
71.32700578906294,
7.3926211352275475,
13.791296362776874,
69.18783349595988,
26.380836488741423,
78.22797903113721,
7.409047060907156,
78.6762299248315,
67.65668009185798,
8.878615922683906,
10.559648658938347,
74.04997809278667,
66.32648988893149,
33.933888466713924,
7.354140253752409,
31.35425744170034,
66.26983376814186,
33.830244577094106,
65.55608051382794,
73.52512145276279,
7.340497085710182,
34.54105833397742,
69.0643756710544,
43.28010217176114,
15.317715386820776,
14.856838381945074,
18.08067760469538,
59.8277293724394,
17.94361195016456,
69.44793581232834,
11.771613500601307,
70.97934193218418,
41.74734346438091,
59.13257656283132,
71.65525623531653,
60.709248604625074,
41.63660694650385,
5.77258557093936,
23.689125089377413,
17.02633011756233,
64.73475168618076,
7.910475621168566,
72.87686595019522,
62.00828530101459,
65.55815598469576,
70.14780312612153,
69.69783843089488,
75.53697612001403,
72.46228754321993,
28.735343867535715,
65.20973674855992,
18.89616797817501,
69.60417547930398,
18.565586068847782,
67.39173979795534,
34.557328542659256,
73.58240588120714,
77.91437186886013,
32.41627129441449,
73.13913107143536,
20.01995440378414,
43.65493015191913,
44.57030338530879,
60.29304138632671,
71.14450588084658,
58.19974433547493,
14.855151467665316,
17.95225264835171,
67.89688139537574,
71.12453151212637,
34.516617611914874,
59.38427757997237,
61.20116857304816,
21.654715371933534,
57.89803185486759,
44.505971166341666,
18.616487512041545,
72.24627363192411,
5.718972047434601,
63.30630741663941,
70.14780312612153,
21.10691139729985,
45.553346196952916,
15.961609820131354,
59.467544326133954,
5.781263721700696,
30.715500283569366,
44.98680022953445,
25.581584071560897,
25.19135382103273,
70.49059891861982,
47.45417179895405,
38.924660169032805,
47.89408380329004,
45.23982903736454,
69.56702412026176,
12.042205824921268,
59.3644133813095,
36.01433128377949,
8.903877517897003,
67.32934292186893,
32.8611392761098,
14.012696975887774,
40.306232097355206,
17.94407735408024,
11.771613500601307,
31.46373050092783,
30.535482687622235,
12.93433347644316,
41.882573218555635,
26.400127939495498,
28.598701069177306,
66.31052860595446,
63.74808227045656,
41.601191003751616,
41.522428662925414,
69.37991168831103,
63.62583026849128,
10.564876367171156,
13.99549304910896,
71.90637771787024,
47.658003457413514,
71.0774771433445,
21.537366725025457,
68.54378045490489,
44.74433841801049,
48.508066672740426,
42.38934132691816,
31.865323229081866,
63.200725836900425,
54.43264263648397,
43.9579174080062,
18.265098547601372,
71.08375487234555,
10.563461290733596,
59.12136892277009,
25.777900321158654,
33.514424098622584,
13.757019380913487,
52.24454235629375,
48.596305761235215,
70.21567982940611,
7.910475621168566,
15.890482662629573,
52.55561874131696,
12.039645722139158,
62.68308941476114,
48.391240954671986,
69.72125317867136,
46.11481629517147,
9.253453070639551,
15.965778689165877,
62.640405286623206,
15.650469131037376,
53.736708397966474,
59.12136892277009,
47.552652245016915,
68.93563174065773,
62.64587080261165,
7.8952885406411975,
44.190067602317214,
13.160534989966552,
44.37020842767822,
11.843641290220862,
8.295736080648474,
64.79440001116195,
41.889920491974095,
17.732527828998922,
40.78581330564917,
66.63956134944534,
37.33755294698857,
70.40491031200337,
41.54919381530574,
12.93433347644316,
43.182280257423415,
8.526232709998373,
69.79906565146327,
53.04363291155757,
45.753567766471384,
52.35949220906699,
5.943497706830582,
5.709662233638302,
43.41278246781321,
41.29327103305833,
44.40650273068433,
69.78788924733736,
46.44679219425838,
23.172937941569973,
43.568564113785264,
59.491556228743185,
60.25709530891456,
22.473229331626186,
48.32664439141659,
31.46373050092783,
41.3340886798729,
74.53157540462463,
21.05134833154311,
37.628085507183435,
20.183316963661614,
39.36501982118569,
7.684968796840949,
45.47275334139383,
66.96618848013085,
68.81804279261732,
54.60421609510884,
41.650234156458,
14.286042433133892,
46.222919077691316,
59.46179428207374,
31.596095183867636,
51.94969318466334,
69.28618728526409,
42.47527306523859,
14.447742573825074,
38.41510391290827,
46.226976274891534,
13.757019380913487,
43.70873633488191,
7.4044200054116205,
58.79675739667086,
44.389179501597766,
69.57424426791262,
21.64598249723439,
12.31433387300944,
62.640405286623206,
51.05264655670609,
11.766342947921576,
14.12999683804076,
69.53252952275555,
37.05002409988995,
41.32546516039435,
9.726374022784759,
55.429926942607274,
45.65287123651499,
42.10709136333884,
73.80844288362417,
59.492278230876906,
13.462052988795815,
54.62688723586284,
18.82655228544661,
10.913739785743505,
67.60991524569975,
36.49372622143366,
45.94484966703331,
72.91610334505198,
23.945279658056776,
60.54868978754295,
68.03719103916872,
32.525271041351644,
42.62420029570392,
66.96149434311204,
69.35858797141655,
35.21925232917447,
70.91769802190443,
21.768418592905437,
49.54546161699636,
39.84230576682986,
70.89284447096696,
69.74450773575504,
16.883199822745915,
30.322642825680447,
36.8062806352906,
34.549755401004006,
37.29940257352709,
18.474311560231744,
27.785654276704513,
6.63025013466734,
18.63170564176526,
47.89408380329004,
19.452605909219418,
25.3433406914955,
46.65496467467909,
68.52699215442968,
40.082033229280825,
67.01574245307296,
65.79702160186795,
69.83870569233855,
53.30154967248735,
11.000541924246145,
61.3574435232153,
6.637333579220812,
47.829790487215845,
46.84931900438623,
73.44373289621016,
19.387681300824717,
62.50946271252272,
54.18614893481138,
44.13325754339681,
5.727038728931906,
28.16665665684097,
61.57973152736768,
34.63596539712125,
62.81904491646578,
72.5773424109765,
38.75843982635379,
70.51208563400242,
69.14442207246368,
46.84931900438623,
42.849240609890316,
39.5548579376907,
65.79702160186795,
35.70621383911687,
61.53778537308907,
41.6057050155946,
41.59907160664508,
38.924660169032805,
75.54731293553415,
16.5769890021986,
10.559648658938347,
50.92321100988459,
39.97333074538611,
59.73334499135655,
57.68515192132164,
24.376337227515855,
59.55481730414237,
18.640015787927503,
21.955400612217087,
63.84992907536456,
48.87116572601722,
31.523012299519515,
41.72097221462197,
44.02064878045323,
27.797577527153575,
31.48344817829004,
31.46407856944207,
18.792627948273147,
9.253453070639551,
38.252310952287196,
31.901037162967512,
7.621530354438893,
59.36666845106235,
25.908027879692963,
26.351589425643102,
23.690784174651203,
42.65057154546286,
51.20545733980498,
25.146413287676705,
61.31538254965891,
15.650469131037376,
20.18185904277713,
21.964503139587194,
27.34318357790716,
24.51151178718652,
15.302737015279016,
39.04163105925053,
61.6488453397383,
6.442490900611812,
20.9118323950781,
43.745959216687034,
53.04363291155757,
70.99172156071276,
63.5778159602472,
46.98469655047386,
36.163187390135526,
13.749200859884716,
17.904655588590597,
54.892283422952346,
38.610026138152335,
54.60421609510884,
9.253453070639551,
7.346947495716017,
10.296440575563695,
82.30635374658002,
31.814711794624383,
19.92971828809548,
8.662873290509852,
53.15208974627963,
9.579926544164636,
60.899383495340224,
29.400158825376447,
47.95434483142543,
73.16138156294143,
26.233195981806997,
63.24563047533708,
70.91769802190443,
7.4044200054116205,
59.18252834230373,
21.955400612217087,
9.59337175365654,
13.657472070000479,
6.246881920230169,
7.665296603852126,
43.275177429553665,
50.227596488555996,
42.39228972703503,
36.215359506525296,
16.526297029564287,
61.8450706413022,
51.39950769978397,
51.16541533898256,
43.43568299569303,
15.955325250113637,
68.2806042845732,
21.06375179643767,
5.798620080127222,
75.88397187289463,
69.79534107069084,
46.24305404479459,
22.805072402424575,
45.5439984882992,
69.7675593572101,
70.48464740023604,
17.141617741746934,
28.979582457655013,
32.08667210455497,
71.51879281690073,
36.62054932194356,
67.35895258504947,
59.467544326133954,
62.62515895512728,
13.87994493036396,
33.237237369644866,
61.895958942622926,
13.366466592490848,
55.73796749004481,
7.888827146670484,
8.81142920450391,
14.131454758925242,
41.178507855941014,
68.14856565311574,
46.421222832159096,
46.52189563846014,
78.6762299248315,
41.666289164781894,
75.28430793223875,
68.98833958700509,
42.67493953942726,
24.207731042554432,
19.600990097555137,
29.678395484873448,
43.26514514328474,
50.24609774257124,
24.763906083612916,
9.555224044124143,
53.743677931133085,
65.22050856439809,
69.8771574284874,
10.160529020426143,
64.28154057361176,
60.68864646950661,
18.877453728640372,
14.830948778744478,
8.025976012009323,
20.96497166422352,
60.97035030112357,
60.36946236816335,
42.62420029570392,
10.92576991879785,
70.09270739258838,
64.32537414453647,
23.541301756358983,
75.39181814136597,
24.839855270772325,
70.14780312612153,
29.716279905001613,
70.01151810499817,
9.84616284334513,
36.175910550632,
39.19065197898293,
70.01641193509887,
15.37485938414123,
45.10922371130126,
6.727586936392044,
53.743677931133085,
54.33829003355975,
7.519267209148142,
19.59716000985882,
47.92976496706577,
42.806935947652335,
24.91135743058931,
50.23702871692498,
35.32845142771444,
6.2646080289194925,
49.848641064774014,
68.99098544021712,
71.56227290858446,
74.33650438078499,
66.97421157806868,
40.76152319363497,
48.39316290436663,
19.452605909219418,
22.0091910565621,
24.82888200860768,
49.959654063542054,
60.402087306314336,
27.797577527153575,
46.2978990691065,
66.44988495419786,
19.339912243181523,
31.9160124105109,
20.15596843696833,
63.1275266539862,
59.12136892277009,
50.988262971889284,
21.318363823321246,
67.22309276384232,
12.699667904868557,
12.624394741141181,
35.81188293539868,
19.93537224495765,
47.05648076812278,
70.42748900451036,
28.86165985574229,
48.413299742400405,
18.132044451804827,
70.01151810499817,
51.241300428801246,
65.05687948249715,
15.476920754328084,
67.12488509226971,
16.65707115442005,
16.49164811215422,
15.898657956901044,
61.72327849070566,
39.61068188945982,
55.736216125074066,
58.73905959882,
20.262877450964403,
72.55597319498045,
45.31731472214383,
7.900298645760358,
63.921502264764214,
70.92524718778974,
57.25529502387825,
71.81319463425338,
74.57541039408791,
11.695559514118333,
69.8602666848508,
63.998156214353806,
19.45014984217867,
18.379829617232886,
44.58949041118446,
70.29991032459785,
67.49280387337842,
38.79674233819763,
77.91437186886013,
35.94996929210067,
61.379869779636635,
42.855741734540615,
15.343604990021372,
36.42863335266378,
75.6174709531302,
48.03890866634101,
77.19432123669161,
73.45888398630959,
21.41455689087082,
63.72322675311666,
41.963405617406835,
66.07705494645633,
33.644245615897276,
28.8443323823258,
68.73656242028086,
45.197413207783804,
24.95581934752994,
63.678309293962506,
31.387291551474508,
71.40495861871925,
63.1275266539862,
67.1092857310129,
27.062378709246993,
44.07360603577429,
19.457557461331607,
82.98295337647265,
41.889920491974095,
26.331765250650932,
57.29358234593272,
48.14959779342685,
9.257222857987879,
43.568564113785264,
66.41989489465286,
21.41455689087082,
15.599567687843615,
36.163187390135526,
45.76469294208277,
67.63334846418712,
9.726374022784759,
53.13819884727049,
41.979549905007886,
12.688067462058388,
7.665296603852126,
73.30869467707367,
70.40491031200337,
15.406556853251685,
66.50817802963104,
50.179959005929874,
66.32138540115514,
64.48360651575082,
16.542340084788535,
70.1444228658674,
65.06880273294621,
13.743514402992659,
13.96376554404009,
46.648249044241055,
59.69874666332197,
13.872173728859256,
64.54259070809636,
18.732069124656242,
66.86543171847053,
21.535908804140973,
14.57225414775857,
24.35555437557286,
18.824071907937487,
44.44846009134201,
68.5875924111778,
34.73926976902374,
15.406556853251685,
47.40534184569385,
24.95581934752994,
76.88746934016439,
44.505971166341666,
55.34568748949707,
74.95738841646148,
36.31897128468956,
38.252310952287196,
5.728405008780974,
16.679725098796087,
44.74064523436251,
36.62054932194356,
25.96663221096838,
47.528130977757975,
72.19680201978035,
53.56949209750129,
31.029705188344817,
76.37455840209618,
61.729613776261985,
21.79979058729171,
27.669168591868733,
64.5883764745242,
45.951125025511885,
20.183316963661614,
5.709662233638302,
61.1799580829984,
52.249630470875054,
48.6939729459474,
18.295084311989495,
27.700983287805506,
48.613731964869885,
41.88045312174188,
41.650234156458,
18.22093946703193,
41.91595025856561,
24.589525161812674,
63.07395517812826,
28.87777620475993,
35.800296274091686,
65.34558689793684,
18.61704406632626,
14.843101047628764,
63.973863750729436,
44.74064523436251,
46.44679219425838,
14.830948778744478,
76.03945149035025,
8.295736080648474,
13.717734017055424,
42.89798527516905,
66.99815815056587,
63.96798155070637,
15.965778689165877,
19.785865889475314,
61.16747856815286,
50.181804426497045,
69.17668070478655,
57.34607513894807,
70.48066093487357,
16.93255465510885,
39.536986573906056,
40.3268889728655,
7.43867454924842,
10.564876367171156,
50.8687808490224,
21.03004971368562,
80.1589412897085,
69.0084929466548,
22.468127072506878,
37.75423415679617,
62.79196877930462,
20.134251751166317,
66.48981561485672,
16.5769890021986,
6.6643370185405875,
32.73618852105777,
34.10115533013289,
20.755279781564603,
39.388020472050904,
42.79048691685595,
14.830948778744478,
10.559648658938347,
50.227596488555996,
33.620668680321536,
25.343676941814476,
70.84820031177789,
53.59195856792828,
43.182280257423415,
75.88397187289463,
8.505675884157533,
11.851471945682704,
59.730692407177735,
72.48636882916914,
17.141617741746934,
65.00305912074302,
15.977008885306137,
62.674833065173196,
16.393425631720042,
68.25059971779369,
7.25583536132353,
14.855151467665316,
67.60871064142283,
32.541222049466526,
51.30517847885334,
19.14710061182439,
19.210570807238977,
48.63712800949501,
67.0130085512588,
72.60214794545024,
69.71612708761342,
19.456304566634277,
10.759078318999645,
46.5339447391064,
44.15860293852083,
67.52375201293603,
75.97094673242825,
21.305841518820234,
66.48981561485672,
21.41455689087082,
74.1686612467426,
6.63025013466734,
69.55539390127036,
58.90799027952141,
30.08419242294583,
72.82847904468204,
7.008515471072641,
42.62420029570392,
11.742561441557186,
35.335948291727235,
38.70476948737533,
21.379796340584914,
35.70621383911687,
8.550536784644377,
11.771613500601307,
19.286837142958817,
63.051808576022474,
63.02337203200784,
40.20206143623477,
25.020602703149077,
43.43568299569303,
48.391240954671986,
12.939561184675968,
62.09009467985402,
36.18173891484547,
7.387994079732012,
39.02572131297196,
66.96149434311204,
10.563461290733596,
68.08099347010933,
64.89934610084363,
72.23352779758662,
17.049765545781153,
60.503174538322824,
21.955400612217087,
18.719197965416313,
45.04033907378401,
15.871310432815962,
49.157073964845395,
71.84139494890434,
61.677040685157834,
38.264234202736255,
17.1780998440996,
52.40080203264761,
21.79979058729171,
68.49524508152768,
23.719833459116337,
70.21389752176015,
42.39228972703503,
60.97035030112357,
67.01574245307296,
45.455803019877386,
68.52699215442968,
44.50762256035489,
18.61704406632626,
41.91595025856561,
21.997267806113037,
71.04506603706982,
67.97766385071424,
34.739833119271,
71.35388011980201,
17.732527828998922,
17.764539160825226,
45.951125025511885,
18.144531052501147,
61.558389506756455,
71.82331169381456,
69.77124090383778,
37.81426592549252,
13.760789168261814,
73.974981233293,
60.58018561520922,
14.817211444428168,
67.60991524569975,
43.676118494581154,
67.53721437373295,
52.67602790068983,
23.207106998826546,
19.041404577813317,
26.164066539825843,
77.13543028638664,
46.201230747550255,
44.74064523436251,
16.90990071073281,
34.73412917715322,
64.56679620008032,
13.599779983760898,
15.049837588147186,
72.27229874341108,
13.160534989966552,
20.467146094693597,
24.721174144836304,
67.74164028880367,
41.74734346438091,
71.964144017067,
38.56245661354422,
67.48556376885644,
35.426519097906116,
41.68063359744156,
45.541357554334354,
42.14367925864403,
40.8135720572959,
29.71070559326567,
17.027111601405114,
42.79493365129384,
66.87644120045735,
11.163761611237101,
37.565240074083704,
35.975681499870404,
22.69380317979894,
43.89820614897343,
18.354027452799354,
22.473229331626186,
58.73905959882,
72.40653186457143,
54.31788262087154,
59.96288922271401,
35.86249769489512,
8.550536784644377,
78.6762299248315,
61.490570052192496,
18.574785410491625,
59.90872827255461,
19.197885561689272,
11.404444070077615,
20.54845211536197,
6.741830757171546,
14.531059382836565,
69.72858090353125,
6.840763426053009,
70.0992530513253,
42.89798527516905,
50.813575335493354,
64.00177570121134,
41.650234156458,
74.99141550947222,
44.65708798690679,
38.25002100814354,
71.92729693622073,
47.92976496706577,
8.025976012009323,
70.63104990028678,
64.35014273757129,
72.43223428927593,
41.644505056943586,
63.68295264588631,
63.01092228888311,
10.749517224271308,
53.15208974627963,
14.07330719581332,
76.46686095757943,
38.70476948737533,
19.579491873312737,
7.415162381402559,
60.973219605535135,
15.908736565916753,
58.870687569239266,
59.330735204353836,
51.16815462952284,
15.072889039402453,
57.89803185486759,
56.25920139012385,
43.801275816424685,
33.26466323105231,
44.11096545589471,
63.82096168833851,
12.694440196635748,
62.11595146268403,
29.71070559326567,
13.003061296245283,
63.15804170876249,
46.7271461334723,
36.175910550632,
69.17668070478655,
24.471496078226934,
7.513624841272448,
54.43264263648397,
45.19224469109045,
13.743973151651907,
25.69359875004198,
47.25479885268746,
23.65813397393115,
33.8305703396675,
62.010951172485505,
10.950831053846455,
20.297579992729972,
24.35555437557286,
71.00397975494847,
29.267812540022405,
61.00492060089801,
5.798620080127222,
71.41475130377997,
54.306934821080496,
66.45503198107268,
45.31731472214383,
15.654638000071898,
17.678344489347474,
15.0781127022609,
17.06896951986446,
7.4044200054116205,
13.462052988795815,
7.076742559956881,
73.73633958283307,
42.79493365129384,
9.22875057059906,
65.54779288308201,
12.624394741141181,
65.16499869685406,
41.03150884122453,
29.402763073646426,
39.66284026185884,
7.415162381402559,
68.43835517694608,
70.42598406693291,
26.125237045543056,
46.67143069551383,
10.127480057125107,
9.726374022784759,
66.63499073759851,
7.52113480070688,
30.096184641435208,
21.296594261368796,
6.63025013466734,
69.20956433501316,
44.74064523436251,
54.27622472097149,
72.4537829544338,
8.025976012009323,
70.36965517037348,
20.37575844328075,
43.80780260056163,
28.552913908819185,
48.14959779342685,
75.78517158560292,
8.327591663943448,
21.05134833154311,
73.35813385412145,
75.57625600541304,
59.10855664824818,
61.587679312727076,
35.94533750976709,
36.097439292080544,
18.403048116819793,
60.86176495682815,
74.65157032627144,
16.85483039850452,
6.731069224301867,
64.99126137428405,
50.227596488555996,
68.26318899125374,
45.94586205907124,
39.98560068494709,
74.96303420784588,
39.639286751181515,
63.21581768588982,
31.398165728956233,
13.755561460029005,
31.922039939723305,
59.10952336827501,
44.85247523537676,
45.951125025511885,
9.253453070639551,
22.72824866396647,
43.43568299569303,
8.550536784644377,
18.012167840522597,
36.175910550632,
16.94504125580517,
17.45161812699757,
22.0091910565621,
31.169694909459018,
21.578315144760317,
75.34368707712325,
6.731069224301867,
15.166940492120188,
65.79702160186795,
54.242023123323584,
63.19886736437337,
32.41627129441449,
64.24192214252157,
10.121107322547747,
39.2062365037703,
54.34641693620168,
35.96133206952787,
59.11779933664541,
65.35738464439581,
12.325853216193916,
39.639286751181515,
52.46398485839,
71.68031663380982,
67.62116038454757,
18.964188335702858,
40.364242897574265,
27.774758764820398,
45.96807534702833,
59.732644616332315,
43.86333784027242,
65.64610406174485,
7.44313231581832,
46.914430468191,
72.50637877924095,
25.87628045425173,
18.792627948273147,
7.513624841272448,
60.102674567927735,
33.65051490948415,
16.62903312616177,
17.070427440748944,
6.63025013466734,
19.222422738927186,
68.03719103916872,
45.796626587511156,
35.05495682360964,
60.899383495340224,
71.32700578906294,
31.90133998114057,
42.22615337330798,
66.65787203623609,
20.52659869865721,
61.828393596099524,
17.84228388303733,
79.89014805668907,
15.599567687843615,
8.536165187603439,
70.49019512750004,
71.4336106991598,
24.305888670582632,
59.51127165970775,
14.131454758925242,
70.89284447096696,
19.411097522619002,
19.458925096981698,
25.42325078780071,
7.415162381402559,
39.5548579376907,
78.72395495124236,
10.564876367171156,
61.3574435232153,
60.42285579893421,
61.46929588777581,
18.950500402895344,
38.264234202736255,
69.99160226834704,
77.49722569782169,
29.402763073646426,
54.52537743213193,
46.80357352811309,
31.46373050092783,
37.61961168485291,
50.736895777021424,
55.37338727601856,
25.084737412521577,
39.953717166684,
66.3500796559537,
41.26946264019011,
66.20200109481455,
18.08067760469538,
32.41627129441449,
18.748118003239444,
69.96114589161773,
32.525271041351644,
42.427886306836186,
13.757019380913487,
69.96114589161773,
64.46697377597374,
6.733289391733592,
31.478344276365778,
76.23849122718532,
9.84616284334513,
18.544158591035707,
46.70476971830571,
19.946869246777354,
7.346947495716017,
5.855639164598186,
74.53491648988026,
50.31852050071088,
10.161986941310625,
44.99473377909708,
63.11250394635989,
43.19387395982591,
46.2978990691065,
6.169990784451797,
68.10503289682451,
44.03315233399412,
19.43359792516673,
72.21565643380197,
60.37043432000239,
6.139112033162689,
18.980164182015137,
20.183316963661614,
52.50970115980732,
17.06896951986446,
45.6916157048911,
30.54140324208375,
67.35609628093185,
8.547282786813604,
19.264042931260214,
63.36062270519966,
62.68303335314653,
62.232009309012334,
64.17607404053366,
43.801275816424685,
61.36381389990108,
70.47734620730448,
65.34558689793684,
74.9558571170084,
19.95581175667454,
61.31538254965891,
19.151765666679275,
25.324654471459873,
16.51315937576085,
9.253453070639551,
73.58633520386991,
35.11016628014423,
71.26678909124199,
18.152706346772618,
67.6238061447089,
45.04033907378401,
10.160529020426143,
13.366466592490848,
29.792102161731176,
31.34746772778642,
43.568564113785264,
64.12547280033917,
45.13481815474448,
24.716163388098717,
7.399964973942581,
24.866197628653477,
39.388020472050904,
9.726374022784759,
38.252310952287196,
75.5744819784533,
7.092882581631181,
69.30941004822422,
21.964503139587194,
19.635435581722657,
23.987032619316565,
28.426937774030435,
16.972041289176826,
46.91665859949242,
20.38568728511904,
74.2185928748692,
21.639737000391776,
63.69033835555701,
31.263550551385592,
45.13481815474448,
65.65855380486958,
45.06386044500958,
68.72880105803009,
7.616939214415609,
23.659591894815634,
12.688067462058388,
58.870687569239266,
69.80262376363983,
60.0210953318034,
13.599779983760898,
12.039645722139158,
33.57752624297587,
6.756055421072307,
48.604606063893385,
25.727982362576316,
57.67220076708512,
22.804120686969597,
18.877824249063323,
9.253453070639551,
59.18037833239033,
71.0401836909932,
29.854848229750996,
20.44022203133762,
40.082033229280825,
59.51305957535408,
6.246881920230169,
51.49323866331096,
11.848911842900593,
21.79979058729171,
43.37388244629686,
26.838920103554138,
55.35328016868735,
5.77258557093936,
44.996548646806296,
66.84501078965678,
7.505816385121251,
6.733289391733592,
36.7573344121225,
16.829818558511363,
19.934945996328292,
46.911952218614175,
67.91880560375535,
20.52659869865721,
71.35719731548242,
70.76094984648039,
57.409516237928145,
21.64598249723439,
42.03893762074511,
12.042205824921268,
9.69834908487594,
68.136115909991,
69.28618728526409,
28.713650251277045,
14.845243763988107,
31.891115606231583,
62.18055878872433,
35.659892927430455,
38.18943072946405,
45.529327834897664,
6.453056633075106,
72.82847904468204,
10.301553667390653,
31.53303702188927,
66.27695453017034,
30.78142063872297,
51.3588487709886,
14.748796954573702,
44.03315233399412,
71.52719337657355,
35.807504246748934,
20.61328629804763,
20.52659869865721,
69.14949262951134,
48.30418243636185,
42.05124569075496,
12.916551790704277,
36.96005832869085,
61.39372540562119,
30.072269172496767,
9.726374022784759,
12.37395046182348,
61.677040685157834,
30.69573846571313,
68.72880105803009,
43.43568299569303,
21.997267806113037,
31.841797628683373,
7.91693701513928,
20.561855117866255,
62.02882253627015,
14.519008962800013,
8.550536784644377,
30.87095479464078,
13.371694300723657,
74.13730587002873,
60.49072479519809,
48.508066672740426,
62.640405286623206,
7.275464899773004,
16.027910328499903,
66.63499073759851,
45.96112062925233,
29.94373883923542,
29.59013831524257,
24.72515190692275,
63.441210091521185,
25.424708708685195,
60.59605773444786,
52.02848949574685,
36.277213408498035,
42.29907674747936,
44.49239626765187,
34.246412242106146,
15.373100916355412,
68.62835271907214,
45.54982881989684,
66.97421157806868,
64.23366744107196,
65.53476236991415,
25.020602703149077,
19.728571980165714,
67.86849771129532,
71.88628591237281,
44.99799723074234,
64.47175771496507,
52.08022946302797,
15.072889039402453,
19.778808192459373,
27.986652714287324,
43.02916489388238,
13.60110498980502,
31.512683050799325,
49.697524526381734,
24.834201313910153,
64.72232895225903,
19.59716000985882,
36.97018685959685,
65.55608051382794,
27.324754470192524,
20.38945707246737,
78.40585768923528,
57.38381382510634,
40.55937816783673,
12.31433387300944,
67.1092857310129,
61.23204442584477,
6.732814644624854,
30.106780416497013,
39.66284026185884,
11.766342947921576,
25.879334638251862,
57.45164961488061,
69.81062539528493,
22.933130412713766,
18.748118003239444,
42.62420029570392,
5.97294213570064,
69.54777535595433,
69.82178210867662,
21.05134833154311,
15.062324188843503,
8.505675884157533,
71.00397975494847,
20.10559270705729,
10.97200887639029,
48.391240954671986,
16.04711430258321,
40.36563155438944,
56.95330442269011,
8.507649594559568,
33.896208725418056,
45.007765640188296,
36.77551713987197,
41.26946264019011,
24.95581934752994,
16.549641478113514,
17.285529520406133,
65.74768571922162,
60.79580274420187,
71.1970860158115,
16.76598893207361,
40.96208366895707,
62.02882253627015,
44.130336834643565,
20.01995440378414,
71.87907835760002,
46.914430468191,
60.2805869796724,
18.877453728640372,
60.017925138886056,
45.6916157048911,
8.295736080648474,
15.317715386820776,
35.32845142771444,
57.89803185486759,
70.94559005859936,
68.77396763222767,
28.321415059103373,
20.90513685286185,
24.87142533688629,
52.39821491934359,
37.93747290649634,
6.731069224301867,
17.87877006991534,
56.64264236830176,
41.118448071146545,
15.302737015279016,
21.096060170609835,
6.063958373276588,
20.356357068786668,
69.83574001298489,
10.159426838528514,
69.87399081440687,
51.42314208706279,
14.868888801981626,
31.46373050092783,
39.84863361735068,
64.09050109795507,
7.838730457305732,
21.305841518820234,
28.659598943290725,
34.67677133557454,
25.97250527581747,
27.669168591868733,
8.060286981847478,
48.67298686513915,
58.65952879052902,
10.759078318999645,
10.759078318999645,
62.72960923611151,
13.894921231072813,
54.594893645223934,
62.30891029865746,
45.924343054870604,
6.734747312618074,
38.856598898353454,
36.44531966787313,
36.70335501455445,
54.69735407481257,
69.39480492680632,
28.39455898510424,
31.101856057557818,
5.968862392569718,
69.92835866030104,
77.93548635511165,
25.581584071560897,
48.602076043629395,
72.52648079049145,
54.33829003355975,
73.7736522739978,
14.493119359599417,
54.18295833010158,
18.547853702195486,
67.19473265450164,
8.504217963273051,
7.415162381402559,
23.928762684456302,
45.01207387630506,
46.222919077691316,
11.903461011869245,
74.07060423527923,
69.61281469839481,
18.710887819254072,
73.80844288362417,
72.68982669943438,
41.767923109070054,
61.1799580829984,
36.08486877501184,
46.169691978606636,
6.6643370185405875,
22.473229331626186,
5.718972047434601,
65.78317651163984,
36.72666781476524,
14.856838381945074,
71.59469891491983,
40.22486872972357,
72.93121666769609,
52.37853086068533,
15.560169743721987,
70.32653751328084,
55.931383266679816,
59.19035301743795,
72.02846816103663,
19.472364397757048,
18.60048876386852,
48.413299742400405,
47.25479885268746,
76.23122285045594,
76.2481731719724,
64.50566699400025,
38.56245661354422,
28.549276429127815,
67.6835352281719,
16.679725098796087,
45.79073061841154,
69.9436955072722,
65.54779288308201,
13.599779983760898,
54.27622472097149,
63.61843256430123,
45.25282144061805,
61.22658603268619,
7.44313231581832,
14.15426273337557,
69.86824893906196,
56.91501710063564,
33.37239781955833,
35.28835751556049,
13.59587728157221,
24.775829334061978,
35.59902206601658,
72.91742205087051,
45.752562034902205,
19.339912243181523,
11.771613500601307,
75.10073587242213,
16.606379181785734,
52.73196730387762,
8.878615922683906,
69.07629892150347,
15.961609820131354,
46.38595432430007,
17.904655588590597,
44.58949041118446,
69.99160226834704,
31.456444193933468,
73.13913107143536,
74.24090963077596,
46.65496467467909,
23.378230572393374,
54.91356656631344,
38.13645256240845,
13.90412081904617,
24.134855952334995,
35.32056623923414,
37.34360186661125,
47.26416216500133,
72.24627363192411,
14.868888801981626,
56.92952043865673,
33.271001492679524,
40.26144281774946,
69.7675593572101,
12.699667904868557,
54.242023123323584,
78.43976587517903,
64.6504038650476,
11.771613500601307,
68.53233822617216,
15.982271715099149,
9.717448251230019,
45.034751039117275,
43.745959216687034,
61.54262863238341,
10.325260530142161,
7.415162381402559,
57.47732002759845,
28.94271070612678,
44.77142407238851,
66.6160858222653,
16.65707115442005,
5.855639164598186,
8.8062014962711,
33.7895570963015,
13.622147620750457,
67.63311277766375,
48.391240954671986,
76.21782361893565,
70.51208563400242,
22.0091910565621,
13.755561460029005,
37.438151523995174,
67.49280387337842,
64.94986743074185,
72.88512239224129,
15.086626373718763,
48.84608302764816,
69.5353256128296,
29.922162799226736,
19.452605909219418,
70.21567982940611,
7.44313231581832,
5.864655277144878,
33.18847850698631,
71.32700578906294,
51.72796421293538,
48.28652369857855,
30.399228334656215,
57.097112453035656,
8.510903592390342,
51.19510819072106,
70.37197238768768,
21.756495342456375,
6.721968537199059,
44.94622909791572,
67.60871064142283,
37.1922108004268,
24.19580779210537,
20.18515319436008,
11.127903985865103,
69.00431074586852,
64.30217764951679,
52.06830621257891,
10.124919954342996,
69.5938193721105,
63.62583026849128,
30.85163553851761,
19.159669364045214,
7.346947495716017,
21.964503139587194,
42.62420029570392,
48.596305761235215,
71.22743740032435,
17.02633011756233,
7.499400177371688,
6.732814644624854,
69.59170176449375,
52.620763298358355,
45.96112062925233,
72.92207348176835,
20.90513685286185,
29.714837080142285,
64.47963026241877,
54.867117483850414,
44.13325754339681,
61.54262863238341,
43.1396881983589,
14.292944383984056,
18.08067760469538,
34.6433125571788,
18.82655228544661,
69.60415150761848,
8.526232709998373,
19.297481758771585,
49.959654063542054,
36.36974140539566,
60.0455908557134,
18.771068232985318,
64.59845889620398,
42.50035070678694,
30.415635795656065,
20.977372244708118,
41.44649975209473,
13.59266810601424,
31.08497510882855,
62.54290449435904,
27.062378709246993,
12.616606930126261,
46.304044340512675,
75.70268282371255,
65.84995356845576,
72.23730330099265,
24.19580779210537,
45.76469294208277,
50.01991509167745,
43.86780251065382,
7.888827146670484,
73.48118940070233,
44.76819559488957,
46.7271461334723,
60.67081532568913,
43.745959216687034,
60.15538587238136,
19.600878459780347,
68.21013368676851,
17.588616050339724,
70.34844252422971,
9.711794294367843,
48.651034675152026,
68.59263635832838,
21.03526750902937,
10.74815094442224,
38.11961636431693,
41.601191003751616,
24.700707591318785,
44.44846009134201,
35.47806135581822,
18.9339451004376,
39.90047914348006,
66.32138540115514,
52.171732923965905,
63.81093999802226,
11.409671778310424,
66.95595458939849,
15.37485938414123,
33.95321822158021,
35.023512686326555,
61.42526297777926,
77.48683427543966,
70.14249103568041,
27.797577527153575,
51.86819199266093,
38.48971268132984,
42.44526155139874,
14.024610330047457,
59.19023421883337,
60.102674567927735,
44.74064523436251,
79.47865002846937,
36.704056451945526,
18.294519756778627,
72.66147685782072,
6.635098702426229,
15.758599482961904,
10.564876367171156,
19.40586981438619,
47.89408380329004,
18.448933671779933,
27.074275713674,
77.70215376878504,
44.5355599964159,
14.136682467158051,
69.87242100919799,
11.774173603383417,
32.84711411974121,
36.8062806352906,
67.72755852412656,
15.190185060879825,
69.21891365095046,
62.080622377272846,
67.62116038454757,
61.20936776240312,
26.08844850991419,
25.951624531920856,
20.157023887238665,
23.283180831150517,
66.48981561485672,
32.37640456867292,
54.95247108388803,
24.721174144836304,
8.294278159763993,
54.99777441594576,
59.30293286641629,
25.19135382103273,
7.194193147831297,
35.03300463362252,
46.75391626132754,
38.75843982635379,
19.43762753767766,
7.079128217323274,
52.383971885796605,
19.044769909085737,
27.24271447497358,
67.15900640279598,
16.510703308720103,
64.17292654361714,
64.59554190708903,
29.659755876377133,
11.826162669569959,
46.46886031478522,
71.51879281690073,
71.14366167586773,
12.699667904868557,
38.70476948737533,
51.42887505899629,
47.3449527492741,
20.29732293513193,
64.92466613485314,
5.881003850337321,
62.0064328219316,
26.935514342902206,
68.4200448885323,
74.71845496715619,
47.44652534156424,
19.962642972094244,
12.039645722139158,
57.282504069622064,
58.35082974333726,
72.965975839306,
29.81546431209991,
77.85730745680898,
65.0185414576308,
20.185183540127305,
58.73761001149164,
56.443233344614875,
9.734852180380484,
6.727586936392044,
38.18943072946405,
44.05634243598494,
43.34528643862748,
11.43362516181383,
67.00309482967806,
66.89940592971642,
7.673497297751075,
7.673497297751075,
17.89861643559036,
41.08408977326009,
23.982667021960648,
54.46994534676611,
5.993323812587182,
17.230459208177844,
25.032429473163678,
32.02500282203527,
76.93305210344481,
7.4044200054116205,
25.01156371281743,
26.383256785679617,
5.855639164598186,
22.108742531252666,
21.28593119107273,
25.57760630947445,
63.13546020354883,
33.237237369644866,
24.207731042554432,
36.409874897481224,
32.05648734202964,
30.415635795656065,
5.77258557093936,
45.521069423816876,
9.59337175365654,
15.176447726563515,
44.418305948600555,
15.344335993066352,
68.11628950113847,
17.922831439174455,
18.544158591035707,
22.891263218817816,
73.54771750557495,
6.731069224301867,
60.748600456376074,
45.119311405397184,
45.76469294208277,
39.90047914348006,
20.649408532811847,
33.494830884644884,
70.43909454562076,
9.84616284334513,
36.44143512480158,
19.859477159063154,
69.72125317867136,
70.1336374568143,
28.735343867535715,
5.876067480921551,
15.343604990021372,
49.576862595154275,
19.92971828809548,
78.47031185994447,
41.07722494722078,
68.11748263994924,
6.442490900611812,
67.0134865448838,
71.6706405902203,
60.38987808921246,
58.60278381175775,
6.084824133622837,
36.78938626657263,
62.65789672422162,
69.14969667297213,
28.598701069177306,
41.72862978856539,
52.383971885796605,
6.340010895453031,
73.58633520386991,
34.23503125799969,
42.66604637964317,
16.606379181785734,
35.31621201740509,
42.79493365129384,
11.742561441557186,
30.535482687622235,
19.600990097555137,
7.336577997621155,
8.81142920450391,
80.50181598025956,
39.89312406335868,
13.696449099608358,
39.36501982118569,
58.83205211161812,
43.43568299569303,
21.955400612217087,
61.80979768394371,
25.82606187028072,
19.600878459780347,
18.733711047769813,
48.6939729459474,
72.52137319715284,
46.150028980973495,
13.467280697028624,
13.761096938296417,
8.637611695296755,
22.88965433270775,
67.19064168091818,
72.55597319498045,
31.53303702188927,
13.366466592490848,
19.30984499012872,
19.934945996328292,
30.177207484246868,
66.88156337842507,
29.49323764370385,
22.56517748000086,
18.548117294292123,
11.557162265998898,
41.57806882988928,
24.166454175451328,
37.03341062842858,
59.983737823099595,
59.28082238551546,
51.980852013120725,
10.759078318999645,
44.01617365526161,
55.083794874270595,
21.798749001937633,
40.945046173089004,
70.90831270652659,
12.105918240285629,
26.400127939495498,
8.568931261311688,
68.66978536346494,
14.853756753194805,
15.961609820131354,
24.559991967250895,
69.76099573458265,
64.12815499435061,
19.151765666679275,
50.31852050071088,
28.86165985574229,
46.31029899146416,
59.397835285080134,
24.134855952334995,
66.94783118108928,
30.322642825680447,
54.46994534676611,
24.926333632601228,
47.25479885268746,
43.43568299569303,
39.12893044048238,
18.411751293433042,
36.62054932194356,
58.14910763473646,
73.83001634319425,
24.839855270772325,
61.021367671012804,
21.55901812363505,
16.462467403126535,
70.06249621498033,
7.399964973942581,
30.715500283569366,
10.301553667390653,
59.62037846453582,
74.54857193319151,
24.3937601227407,
42.50035070678694,
69.8523188994914,
15.898657956901044,
8.025976012009323,
70.693845183994,
63.817670035698214,
8.81142920450391,
65.55608051382794,
18.45811842904808,
31.814711794624383,
36.01433128377949,
52.719457658774225,
44.85488090394615,
38.56245661354422,
63.921502264764214,
60.246387070153766,
59.59309111634799,
45.51040004314113,
65.35450913586033,
39.02572131297196,
6.063958373276588,
44.05546903593153,
73.26898094244608,
18.61704406632626,
59.71124697891888,
70.78145093216186,
40.082033229280825,
71.65193739956288,
72.70453964088283,
31.05557303339537,
72.56336869889682,
11.409671778310424,
18.46119481574232,
78.32722194165748,
28.552913908819185,
72.52137319715284,
30.90581152310644,
15.857789982158685,
17.84228388303733,
44.42357622026293,
13.717734017055424,
21.118414063672738,
21.084335894826154,
10.989878071040868,
12.699667904868557,
11.409671778310424,
17.7380052467507,
24.691369470211,
70.98499943536733,
45.50847360568121,
61.3574435232153,
21.849559094556287,
5.7203383272836685,
66.96149434311204,
18.53000417540267,
7.25583536132353,
46.98001127789704,
14.817211444428168,
58.581996435176315,
40.352209421381964,
72.5773424109765,
13.696449099608358,
42.35519230164403,
27.08869307052287,
72.70388767019087,
45.05660060959551,
67.69411798770689,
49.32410443202036,
71.51415749879833,
43.568564113785264,
70.00549316735618,
25.020602703149077,
65.03015646094273,
8.295736080648474,
23.541301756358983,
7.275464899773004,
72.55597319498045,
55.69303696331891,
54.91356656631344,
34.67677133557454,
6.732814644624854,
17.639042674273192,
43.676118494581154,
63.36946973324554,
24.55513091082411,
16.883199822745915,
48.413299742400405,
45.281742126746515,
31.922039939723305,
31.101856057557818,
16.679725098796087,
6.731069224301867,
68.18172206677446,
71.79169979642109,
44.7761291444522,
58.00142028978819,
28.064623876820647,
48.59578806000075,
67.16942240964035,
24.08906526792293,
23.172937941569973,
24.700707591318785,
22.861396536155677,
6.064395817299471,
42.14367925864403,
61.677040685157834,
68.93462680755394,
36.36974140539566,
45.23982903736454,
21.307299439704718,
8.295736080648474,
10.155614206733265,
70.76554069339433,
63.636454830952125,
42.16363475599067,
23.482446377824022,
19.427782142325565,
8.568931261311688,
19.934945996328292,
23.511768561797204,
41.54919381530574,
19.903409563922793,
12.325853216193916,
27.774758764820398,
8.025976012009323,
47.287843840468874,
64.33530645783753,
69.77124090383778,
46.304044340512675,
73.52422272545371,
70.69499307062055,
34.992687413974146,
13.725852696523377,
69.77124090383778,
70.99172156071276,
75.3251432322115,
44.74064523436251,
17.62655607357687,
39.81675009908759,
18.711947758691483,
69.85944583519733,
22.82021211940079,
7.405057915640629,
19.93537224495765,
21.295136340484312,
54.306934821080496,
9.253453070639551,
74.64602836593706,
28.645428725160727,
31.101856057557818,
46.26490533993071,
6.731069224301867,
38.75843982635379,
43.55152455814866,
22.509994266402828,
71.5397227889407,
45.132921432445805,
41.44649975209473,
64.46828038636647,
64.52913815210742,
8.637611695296755,
40.55937816783673,
59.723955017229734,
68.61568797978344,
51.70575380812435,
28.598701069177306,
12.939561184675968,
12.325853216193916,
22.57444771436557,
9.726374022784759,
37.33755294698857,
19.52326584095081,
74.78093262807904,
64.00177570121134,
20.917879972913774,
34.407133504691735,
5.855639164598186,
30.689425561025747,
9.726374022784759,
21.078782090178436,
10.161986941310625,
68.48961038182405,
6.268530394728251,
20.10559270705729,
73.26898094244608,
13.874264307007016,
14.286042433133892,
62.080622377272846,
14.868888801981626,
71.54326408323122,
52.988103645252714,
69.72125317867136,
56.95330442269011,
42.03893762074511,
10.124919954342996,
41.15711548491803,
42.855741734540615,
14.830948778744478,
16.606379181785734,
16.526297029564287,
26.331765250650932,
13.628032567456469,
73.45405053291998,
14.856838381945074,
25.892332162867483,
58.23507914724975,
49.697524526381734,
76.37490373468904,
17.891194663106024,
61.22658603268619,
6.882830163068839,
67.21511658509922,
64.51281770373711,
52.02848949574685,
66.97421157806868,
68.48961038182405,
32.84711411974121,
72.87667238585625,
6.754463119122937,
37.88447790813124,
46.150028980973495,
45.50847360568121,
6.62308975844131,
25.681675499592917,
72.91742205087051,
14.868888801981626,
77.56884166925762,
16.9123805317736,
52.37853086068533,
71.57570031678596,
21.263716635494355,
45.91520596420186,
44.953044250083494,
56.95330442269011,
59.65213910469061,
67.1092857310129,
7.005033183162819,
48.711839426791954,
78.13725863098617,
58.73905959882,
44.99799723074234,
72.50671169997877,
43.568564113785264,
46.08438747695859,
18.152284268287968,
23.963988121509384,
30.396266429441688,
9.555224044124143,
71.43176124866757,
28.665252900152897,
47.26416216500133,
15.302737015279016,
19.22010011726765,
18.640015787927503,
70.1444228658674,
37.81426592549252,
69.70689500195562,
71.87907835760002,
16.500407426363683,
13.60110498980502,
13.604381562406628,
67.16942240964035,
62.14491883037397,
26.125237045543056,
32.278168920575254,
8.877158001799424,
66.10759188904731,
27.324754470192524,
24.95581934752994,
72.9698148710152,
19.9677350071236,
44.835661265084354,
66.4721205285439,
47.552652245016915,
40.344942790114466,
23.985991033962488,
31.05557303339537,
9.726374022784759,
44.8019220893571,
25.19135382103273,
43.89783163467782,
50.41264802330129,
34.67677133557454,
69.17668070478655,
38.470094250205854,
68.51424370487699,
18.897212217178,
14.830948778744478,
44.8097731469017,
59.13257656283132,
31.865323229081866,
61.00492060089801,
36.78938626657263,
18.60048876386852,
70.71209287079469,
44.81277242573488,
59.72389284599599,
58.807566268677476,
59.012023830967635,
48.11390785770633,
20.21776244782914,
45.077893986203215,
61.789563080467644,
53.690919943529686,
42.14367925864403,
28.35886261986959,
67.00172632928955,
30.322642825680447,
45.197413207783804,
75.4793968382606,
59.983737823099595,
46.44679219425838,
19.979528251759778,
24.2752682667627,
69.81062539528493,
5.728405008780974,
43.182280257423415,
13.628032567456469,
25.857809295721953,
40.29500545460241,
30.715500283569366,
7.022269835380548,
48.6939729459474,
65.0026932749634,
19.9677350071236,
70.49123710631362,
26.882498236953897,
32.342548626983934,
27.983834557219517,
71.87060176991494,
51.00894936602297,
72.82216249961022,
13.755561460029005,
13.87907567970942,
70.2475532854892,
45.07175253669338,
69.33294358246575,
45.82324899430354,
32.525271041351644,
74.98458375787229,
68.93563174065773,
72.67020164877499,
48.60607395529315,
52.07891669249767,
69.87242100919799,
68.43835517694608,
66.80171112787616,
65.29307930768167,
71.89409197736767,
53.30154967248735,
19.92971828809548,
62.64587080261165,
74.63522005539203,
25.64338016607097,
35.975681499870404,
33.28292474312858,
8.510903592390342,
21.634059246785327,
38.16024805230293,
22.837223009461557,
28.119971724969513,
64.22493682551625,
37.49553133585786,
15.37485938414123,
72.48095325790604,
12.991824954431653,
19.215351345816067,
19.56017762947198,
22.35041949747155,
39.36501982118569,
63.42147698377089,
75.67269100567506,
64.85902009939367,
6.435330524385782,
60.29485890804502,
73.78530225179317,
67.60617635898913,
73.61609153771894,
18.295084311989495,
36.78170310580726,
38.25002100814354,
64.20187744580828,
78.64773140124073,
68.63476245513782,
24.28840723187322,
75.28875366624149,
30.92399160629901,
66.80171112787616,
11.552939304689385,
24.979023830475768,
8.873388214451097,
71.20129650621804,
36.76151989707645,
35.975681499870404,
24.21762948869784,
23.803725618625236,
47.552652245016915,
45.31731472214383,
45.23320498695965,
14.830948778744478,
17.652445676777475,
75.85250818518942,
48.596305761235215,
23.985991033962488,
22.0091910565621,
6.453056633075106,
5.876067480921551,
25.384320417423133,
6.754463119122937,
41.83282443334301,
6.187716893141121,
30.745285418145304,
73.27160869156468,
44.51207842895518,
44.44846009134201,
24.839855270772325,
52.26462501405178,
13.900240557529829,
16.466237190474864,
44.338352095382675,
69.28618728526409,
6.6643370185405875,
71.39674385577602,
42.24730810145266,
9.738062739745656,
71.39445341131707,
74.739337480693,
73.73633958283307,
70.42598406693291,
21.397546000810053,
18.67012060316804,
5.876067480921551,
72.91742205087051,
40.22486872972357,
42.427886306836186,
47.11024956660694,
8.545309076411568,
13.462052988795815,
45.91115934894199,
56.241645370830526,
31.698571427056613,
69.33789657090043,
12.035833090343909,
57.86267624900162,
66.44988495419786,
9.25199514975507,
35.25284193528127,
70.01251495897681,
24.999870578992354,
23.838607507669632,
18.897212217178,
28.948183729477503,
64.73475168618076,
39.36501982118569,
60.8679699925127,
28.91765428429542,
43.1396881983589,
45.5439984882992,
39.66284026185884,
9.726374022784759,
52.55561874131696,
22.527714573207508,
59.6456532306994,
73.09164170858496,
30.967033816215537,
7.4044200054116205,
9.717448251230019,
73.78242097324615,
19.7731542355972,
12.93433347644316,
30.58088466819627,
46.98469655047386,
14.13522454627357,
61.42526297777926,
55.37338727601856,
63.84983526030401,
70.21084246803048,
18.950500402895344,
53.56332917700933,
33.85972908355317,
39.02572131297196,
40.1428625552128,
26.266853520987247,
23.982667021960648,
66.08700886495195,
71.6706405902203,
29.402763073646426,
43.676118494581154,
15.758599482961904,
13.371694300723657,
25.03765718139649,
61.44678053725107,
18.380394172443754,
46.98001127789704,
53.736708397966474,
19.480217690422993,
65.20973674855992,
36.20234971080163,
32.2803497620784,
70.50146001579037,
46.84931900438623,
64.24374811180161,
82.62338489684464,
34.75354454393874,
6.877602454836029,
10.582560457087675,
17.588616050339724,
59.397835285080134,
13.87994493036396,
46.239226727919544,
81.04686780475713,
14.15426273337557,
68.77257640824597,
40.22486872972357,
44.93161644086848,
38.40067745697067,
68.61568797978344,
46.39386542515552,
56.95330442269011,
69.93475375987838,
68.48961038182405,
11.72972349391165,
30.715500283569366,
66.20200109481455,
28.510178649831513,
9.734852180380484,
64.46828038636647,
19.92971828809548,
68.11748263994924,
19.93399553837895,
14.830948778744478,
18.344527834298773,
51.45559487560626,
13.657472070000479,
70.56423475633268,
65.2428744455592,
57.23529653157011,
15.965778689165877,
45.48467659184289,
19.205504229921498,
65.98828918179646,
7.51335231310825,
55.112394517814245,
66.44988495419786,
6.882830163068839,
25.19135382103273,
12.690422172969155,
41.59324321839222,
26.07211096994953,
7.0335016678430815,
14.010816410809745,
64.48360651575082,
35.463638835576766,
54.306934821080496,
10.124919954342996,
19.600878459780347,
74.30956204417105,
18.6860364743744,
15.545191372180227,
21.537366725025457,
33.830244577094106,
46.39386542515552,
23.987032619316565,
51.89789792355821,
65.74768571922162,
54.18295833010158,
29.28233746197179,
78.8444838952453,
14.830948778744478,
18.61704406632626,
26.617048702939094,
55.02052515480358,
18.710520503005252,
71.95261358232935,
53.04363291155757,
49.97181520863531,
27.153177766933,
45.85101762872391,
44.853199687904,
69.90349854089347,
49.959654063542054,
44.953044250083494,
76.57703388382274,
35.21925232917447,
21.435540442609923,
26.400127939495498,
64.00177570121134,
47.95434483142543,
7.366577034165491,
7.405057915640629,
14.447742573825074,
74.78638040502086,
51.262810304489655,
77.19432123669161,
44.853199687904,
19.92971828809548,
47.728212688934455,
31.270608316348248,
13.462052988795815,
67.64579820731186,
18.4706944342429,
17.878672358605012,
30.105058183292076,
18.012167840522597,
11.927421015577504,
57.71685502057977,
6.63025013466734,
73.24536664953169,
34.25924529755794,
7.275464899773004,
61.055795743967714,
11.766342947921576,
35.33588067824364,
22.0091910565621,
65.74768571922162,
20.183316963661614,
41.08408977326009,
40.29500545460241,
10.564876367171156,
8.632383987063946,
21.955400612217087,
25.96663221096838,
59.69558504932344,
76.4047143829219,
52.756760369056366,
21.0985615165602,
29.94373883923542,
75.75395353532558,
48.37081598597087,
61.39772868753072,
31.394920867940613,
33.84850608917038,
68.59712559014227,
13.696449099608358,
28.01564925315629,
70.32653751328084,
8.81142920450391,
30.78142063872297,
48.55586752071616,
15.317715386820776,
34.294610128367815,
5.728405008780974,
18.733711047769813,
11.031221509676067,
49.97181520863531,
39.36501982118569,
51.00894936602297,
67.70048554968837,
35.60991797670213,
42.40669944356456,
27.779587853486635,
14.26584605433603,
26.35263101099718,
45.045084133108716,
70.76436073575404,
60.2636474832506,
72.34824447441525,
45.045084133108716,
44.7761291444522,
44.99473377909708,
10.127480057125107,
6.187716893141121,
75.00819318260679,
60.2805869796724,
78.3130806597938,
68.2806042845732,
16.03207919753443,
49.756380784413054,
56.07910257093726,
32.40658933119825,
5.968862392569718,
19.600878459780347,
69.79534107069084,
70.15050737269739,
75.9079200393524,
61.62510703694987,
39.83063835181649,
17.027111601405114,
48.508066672740426,
19.600990097555137,
61.04766073245122,
58.90799027952141,
69.05816978243747,
34.91456466670909,
69.83155532758201,
13.360093857913489,
6.741830757171546,
66.80519349609405,
7.249384951317695,
16.391503968804194,
61.169308088728,
16.04711430258321,
67.53721437373295,
54.33829003355975,
71.32903251493167,
35.81188293539868,
40.002863245676195,
72.50671169997877,
10.161986941310625,
42.62420029570392,
18.964188335702858,
30.535482687622235,
18.61704406632626,
27.735787693339866,
15.037787168110635,
22.72824866396647,
61.08919305505778,
7.405057915640629,
69.04742534953795,
8.545309076411568,
67.87525088923086,
9.84616284334513,
58.92899305627721,
25.87306322158736,
12.309419059316562,
45.43986914489541,
56.784158877431565,
46.60580495644351,
11.41202648922119,
19.50350735241318,
18.101118985699333,
24.700707591318785,
39.319504348413325,
66.97421157806868,
51.760547070732905,
67.51744169614271,
42.64355822911291,
13.717734017055424,
7.4044200054116205,
24.82888200860768,
9.253453070639551,
37.239565589718644,
64.18081324066797,
17.65098775589299,
63.27879568537708,
74.4891583731363,
18.763238379440395,
64.13132675356596,
75.30233004425438,
6.731069224301867,
69.73754160790749,
9.84616284334513,
10.97200887639029,
46.44690812479809,
27.735787693339866,
46.74475473867407,
24.28840723187322,
24.82888200860768,
63.523547456174235,
44.74433841801049,
24.95581934752994,
44.953044250083494,
74.07422113515233,
9.59337175365654,
65.32435262387725,
71.77138902091808,
7.075645929413452,
18.60048876386852,
6.169990784451797,
19.159673977426074,
60.18926703111705,
46.44690812479809,
71.84139494890434,
26.125237045543056,
6.739595880376964,
60.97035030112357,
66.41989489465286,
48.48403753570465,
6.842129705902076,
15.637750434164682,
53.237256356413155,
78.72395495124236,
31.169694909459018,
79.89014805668907,
62.41596445857704,
65.34558689793684,
17.45161812699757,
35.05495682360964,
7.059505907739152,
43.22592353339516,
18.955177985244696,
38.252310952287196,
44.58949041118446,
16.462467403126535,
54.43264263648397,
18.06391991830085,
19.14710061182439,
64.64237616682699,
54.840017483850424,
26.400127939495498,
27.797577527153575,
54.55417292096642,
24.46699519835382,
44.15276489203507,
65.95388233597474,
72.211967383998,
31.865323229081866,
7.346947495716017,
63.051808576022474,
31.4164272410325,
74.61735607334874,
42.57996757366058,
13.891868180813022,
44.99799723074234,
39.237095774433485,
53.30154967248735,
60.899383495340224,
18.782616573242777,
5.855639164598186,
35.96133206952787,
66.96618848013085,
42.37877829494718,
21.976266372563334,
66.41175864714032,
23.702707425100265,
40.92020705710205,
28.079893019753463,
49.185632817788196,
11.771613500601307,
78.2899400279628,
60.55978314721335,
28.801677813270338,
17.30818346478217,
11.41202648922119,
33.41865184582774,
60.20039850960781,
71.83364646615853,
19.946869246777354,
41.44649975209473,
75.9884562360551,
57.25529502387825,
48.88388818832583,
19.32960347866635,
52.02848949574685,
6.739595880376964,
73.82344213923523,
16.082284942626053,
14.830948778744478,
70.2475532854892,
67.00871339358527,
67.10714097904314,
7.267551137905955,
35.975681499870404,
30.87095479464078,
19.230329295776606,
49.70973124538614,
67.07009837590545,
45.951125025511885,
46.75391626132754,
37.93747290649634,
18.45811842904808,
73.5064621283645,
80.38184907519059,
15.011897564910038,
44.507973513972225,
61.04766073245122,
15.413968891097769,
31.4164272410325,
41.48856378086614,
42.15940960444651,
30.177207484246868,
52.719457658774225,
71.98079629300207,
44.93161644086848,
76.27654882190848,
73.61609153771894,
58.35082974333726,
72.68122677333578,
60.424693530754496,
46.28205752034625,
60.0246438531918,
64.9836513550059,
74.57674197882221,
28.665252900152897,
37.592692819888,
30.177207484246868,
15.977008885306137,
22.050093185315248,
16.679725098796087,
16.62903312616177,
35.39496748353033,
72.37290641317746,
17.027111601405114,
13.561885673695512,
12.105918240285629,
6.519079677140235,
44.179021009017156,
51.00894936602297,
18.220046101358314,
37.81426592549252,
46.995346406451404,
8.8062014962711,
67.2406313269214,
59.08346647281428,
13.96376554404009,
49.697524526381734,
22.3125170475815,
18.402483561608925,
40.58701033814511,
68.48213336027968,
70.19084594844966,
24.775829334061978,
6.842129705902076,
7.4044200054116205,
19.93537224495765,
6.741830757171546,
39.83063835181649,
35.83193248826927,
68.63476245513782,
37.578390480887734,
33.29153955858154,
10.121107322547747,
60.7931755662686,
7.411387974553082,
63.11250394635989,
79.05546503430273,
70.4723237637154,
21.28593119107273,
7.49803389752262,
41.936104664833174,
45.52386252395515,
57.79192753812322,
67.88419351060672,
11.09701436299459,
9.726374022784759,
63.07395517812826,
19.408023653787936,
18.950500402895344,
16.391503968804194,
45.175535721290345,
64.23373306854751,
14.510833668528543,
46.4570274690121,
60.49060512733235,
21.24973641010886,
49.02049850393282,
49.272814782497214,
59.85615540035767,
27.42134870954059,
69.20616490128263,
43.44268785131025,
26.199253691249794,
71.09394485967807,
39.35196975680456,
17.731348164299643,
